100100001110011010000010000011101000110101010100011
110101100100011101001110010110010101110100110101110010
111110001001100101111110100000101101110001000001000100
11001110000111100100100001000100110000011011000001100
100000110101000011100101110111010011000000010100011111
100011001101000111111111000001000011111110010001101011
1111000010111010001100110101111111101011110111101000001
1011100011100010101110010111001110000111011000011110100
1110000010111010000100110101111110101011110111100000001
110100111110110100101100111110010001001001000100000100
1001100010010000100011010100101000010000010101101010011
10110000001000100010010011011111111011111010001010
10000000111100011010010110111010010101011011001000011000
101100111000111010110110111111001010100101011101100111
111001111101000010101000101101111101100010011010101010
11101110011110001010010110100101100001001010001100001
1111010100100000101000101001001100110000101010110111001
110000100110001111010010100110101001011011011111000111
1000111011001001110100011100110011111011101010100101
101100011011001110010000011101010111011011101111000001
100111001011100110001011010111101001101111011011111100
100001010111000110101110101110100110011110110010001110
11111000011111001101001001000001010100101001011100010
111100011111110111001011011010000010001000010011110011
1101001000101000100011011100100111110000100100011100101
110100111000101011011110011000011000001101101010111110
1110101000101000101111011100101001010000100100101000101
100011001110001001100001011100101101011101100000100011
1001100111010010000110010000010001110011100100100001000
1000000111010011111101010101000111100110100010110011011
1010010010001100100011001010111010011010011000110101100
101101101001110100010011000111010111101000110010101110
1101010001110010010011001011101110100011101101001010110
10110110101000010010101110111001001000000010011001111
1101000101011111110101111111111100101100111010111110001
10001111011011011010101000011110111010011011111011011
1011001010001010100111000110000011111111011010011110001
111000101101101011011100001111001110001101111011110011
100011111100001110101110111000111000011010111100110000
1010100111110000111100011001010000010000001101100111010
1000110101011111010011111111111000011100111010011100001
1011000001011111100101011111111010101000111010101101101
101101111101110010010010100010100000101001110100010100
110011111000001010100101001010100010011110000011011010
1110001110011101011011010001111000101110001101000001110
1011101101110110001100110101011011100101101001111001110
101001001110101011000010101010101000001101001000101111
101010000111010000000001000010001100011010101101001011
10010011000110111100010111110110000000101011010011000
110001101010000101001011101110010110000000100110111100
1111100110101011111011110011111101001011000010011101000
1011111001110110001110010101011011110001101001111011010
1011110011101100111111101111100010110110010000110100101
001001010010100101000101
00101001010101001001010100100100100100101001
0010100100100101001001010
00101010010100101001001
0100101001001010010001001
0100101001010
0010100100100101001001010
0010010101010
010100010100100100101010010100101001001001001
001010010010100010101001001001001001001001010100100100101
001001010101001001001001
010001001001010
010
010001001001010010100101001010101000100101001010010010001
00100101010010010010010010100100100101001001001
01001001001010101010100100101000100101010001
01000101010001010001010010
0100100101001001001001001
01
01001010010010010100101010100010100010010010100101000101
01000101001001
00100101010010
0010010010101001001010101001010001001001010010
0010101000101
00100101001001
010010010010010100101000101010101001010101
0100100100100100101010010010101001
001010010100101001000101010100101010101001
001001010101
01001010010100010100100010010100010010100100101
001
00101010001010
00101000101010100100010010100100100101001001010100101001
01010010101
010
0100100101010101001010
0100010010100100010101001
01001001001001010010010100100101000101000101010
010100010010010101001010
01001010010101001010010010010100010010100010100100101010
010100101010010101001
001010010101001010010101010100101001001010
0100101010001010100100101000101001
0100101010010010101010
010010100010100100101010010010101001000101001
0100101000101010010010101001001010
00101001010010
0101010010010100010101010010101001001001010100100101
01001010010010
0100100100101001001001001
01010001001001010010010001010010010001
0100010101001001000100100101000101001010101001
0101010100010100100010100101001001000100101010
01001001010101010101010101001000101010010101001001
010101001001010010010010100100100100100010100100101001001
0101010010100101001010
01001010001010010100101000100101001001010010010
01010101000101010010010
010010010101
010100100100101010001001
01010101010100100100101000101001010101001000101001010
010010010100101001000100101000100101010010010010
001001001001010100101000101010010010100010101
01001001010101001001000101000100100101001010101001010001
010010010010010
010100100101001001001000101001001001001010101010010001001
010010101010100100101
00101000101010010010101
01001010001010010100100100101000101
010010101001010010100101000101001
0010100100101
010101001001
0010101001001010101001010010101001001010010001010010010
0010010101000101001001010001001010010100101000100101010001
01001000100101000101001010
01001001001010100101010001001010010100101010001001001001
01000101010001
01001010001001
01010001001001010001010001010010010001
01001010100101010010100100101001
01000100101010001010001010001001010010
01001010010101000101001010101001001010010101000101001
010
010010010010010100100100100101010101001001010001001001010
00100100101010010010010010010010100010010100101
010001010001010010101001
01010100010100101010100100101010
01001000101001010101010001010010101001010010
010
0101001010101001010010010100101
01001001000100101001001010010001010100010101001
0100100010101010100010010010101010
001010100010100010100010100010100010101001001001
001
010101001010010001010001
0010010100101010101001001001000100100101001001
01
0010010100100010010100101
0101000101010
01000100100101
0100010100100101010001010
010001001010010010001010101001001010
0100010101001010010010001
010101001001010010100101001010001
010100100101001001001001001001010010100010100101001001001
01001001010100101001001
0010010100010100101001001
0010010010101010010100101001001010
00101010001010101010101000101001000100100101001001001010
0100100100101000101001001
00101010010010101000100101010010100101001001000101000101
010101001001
01010010001001
01
001010101001
01001010010100101001010
010010010010100010100101010100010010100100101
01001010101
001
00100101001010
001010101010100010010100010101010010100100100101001010
01001001010100100010101010100010100100101010
00100100101010010001010010
010
01010100010101010100101001001001000101000100100100100101
0010101001001001010010001
0100010010100010100101001010101000101010001001
0010010100010100101000101
01001001001010001010010100100100101010100010101001001001
010010101001001010001010101001010101001001
010
010
01001001001010100101001001000101001001001001010
001
0010101010010010001010010
111100101010101111001101011111110001000010011001100001110000101
11000110001101111000000101010
10101010101101010
11111000111000111110000101101
01001001101100100101111101001010110001000001011010111000010101
010101101010010011101000110010111010011110000100101110001110101010
00000101000100101010110010010101010010110011101011101010
111001000000010100000010001011110000010010000010100110000100101
00000011101000001010110101100100010001101010
10010111101111101101010101
00110101010
1000001101000111001011011111100001111110101010
011010101100110111101
10110011110111011010100101000000100101001011100100100110101
100000100010010011110101100010100001110011101001101101
001100001101011001101000110000100110101
10110000101
01000010100111010101
1110001011010000101
100110101
0111100100110101
100011100001010111101111011010100100101
11011011000100011000000000011111011010100010100001001000101011101011010101
10011010100000000010100000101011101110001110000000100101
0001001110101011011001011010000011101011110010000101
0110010100111111000010000110001011110000101010
100110110100110010110011110000101
011011110011111000101
11100001111011000110101
0110001000110001010011010001011001010100101000100000100111111000100101
10111000110001011101100011001001101111111101001001110000010101
00100000000001101010
11111100000010111100101
001111100101011010000010100101101101000110001100011101101000011101010
11100100110001001000000011000101010
0110101001110000111111011010010110101
1010011000100011011100000111010101010
001111101011011101101001110100100100010100001101
1011101
1110111011011110010110101
0011110101100011100011101011111110010111110001110111101111110011101010
100101111101010
1011011100101100010001000101101010111111010101
01010001000111011011100100010001101010
011101010
1100000010100001000011101101001011001010001100100101
1011111110101010110110010001010100101
000110110000000001000100110010011101
1110101
111011000001101010
111000111111101111101011000001010101000000000101010
110011111000111001000101111000011101010
0000000110110100110111001011110101
110111001100110000011110110011111110010011100101010
11010101
111011110010100001010100000101010000001110101011101010
010111001101111101001000010001010101001000000101
01001001001111110100101011000010000101010010100011010101
1000010101010111000101010010101010001111111000000101011001101
011010101
100000010111111100100111110101
101100101
0010110000101
001000011111101011100011001110100111101100111011011101010
01000011001110101001110110001100101
00100101110010100001100100101010
11101111000001101011001010011110010000010101100111101010
011110010101010110010111101010
10110000000001100110101
010000111011111011100111101110100000110101101110101001110101110101110001101010
10111101110110001011010101001001010100001101011000000111101001101
101101001000111101101010
000011110001001000110110111000000100111001110111001000100110101
100001101101101001010111100000100001100001101010
111101100101100001100101
101111000000100100010101110100100100100101010000101110000101010101010
111001100110000100011001111001011001001101
001101001100001010101
10101011100100110000010011010101010011001010001011101101000010010011101
10010010101
101011001100010010011100011110001101101111011001101010
111000001100111100111111101
010111001100100010011001101011110101000010110010100100100110011101011101010
01010101100011111111011010110111111101111001110011001101000101100000000110101010
0001100001011011111001111101010
10001211221000201012111012020011222
20202112210202211021222212001122202
22021011111021001000020001100222012
20211002111222122011100002100020201
20111121110202202222200201110102101
10112112211220120200122220010201020
2001222202211021122120222221221100
22012201201202222210210010102020222
1000200010012121201210001102000022
22012011001012102112102210121021211
10011112110110000020102012122021002
20221201011010102211102020001111022
11121012112201002101112201111211201
210100221122112000202220021201001
11212120200122012100110002102200021
2011122202021221022102010212112021
21020211102020021001111212210011011
2222122200101212011010001210202
102200222022212221100000021102122
21112011211020011211221102101000101
21222001210002212011020021010210020
2020010001201121212221221022201101
12200200221102222102210020100200221
2121201200201101222122211010122000
21012122022010221100100101211020002
22010001120022210100121000200011220
11102221202010100010011121022200022
20022121220222102000212020010102021
10211212002120012021201101100201021
11110120201120201221002121222002222
21012112100102011200110002111022202
21212020012001111201012012101211212
12221221202200020011001101021122120
1202121200100012010211221102001
10100101212112001201222102210212102
21100101121221200211210200012100012
22001122112202221022121221001110011
1002011220111200122021111112011002
10221202220102010020011221002120122
2010020011210102220100011202022122
220212021002110110012211000001102
11101212202202022212021101112011000
1001102020101022222222100012211202
20220001022012022111210201121111102
11202121101220220002000220000212101
10011222110100121200101101210100201
21220222222201101200201000011202101
21112100121210102102112022000212021
21002000211222200110122012221111002
10021121111220112101100202112111000
11010020001111202110020210110001200
222002200001121200221222210102201
2120211022221002111222112011110000
12121210122002200102021020202102012
1001221110002111221101000100212101
10002201201212101022001121200212221
10222212102201202212012000101120222
10011211120201010001122022021222121
12120101020120201210120020110201000
21101121211221022022011220011020001
21221011210021122021021212211120222
10011202011220222202211212110120022
10112121212201121101201102022011002
2110210221022111111100120202201
21210021221210110201211102122002100
10200212010100201021222122222211022
10110211220002011121211122200202102
21121202202212210210201001010011220
10120201210000100121110102021011000
2102202111220010121120020110121122
10020100201222021112212200002002222
20100011022200010202121212002221100
1022000100012222201211122011101101
1210200110201122121101012101001001
21201211110101020100220200100102020
12001220110120221212201102102100211
1112010201012211212020220121212001
1200011121100001210211102011012210
1120000100001222011110101021001201
11111022021210210211012001021110101
112122011010220110112110200021202
11122021220001012020011211222100121
11020010111101120210222102111221022
1211020020101110220212202000112201
111002210220012011221011001200002
12002021001201110000220011202001022
12220010111010221211120220211210200
20112102001210212120211122221012012
11202021100202001021222000012200
20010101112210202210101022222010212
2110112101000001001020100121102021
12010012220101010211112010101011222
20112212020201000211011210220210010
2210111011001200211022201222102
1201120121212220211210111202221101
21102101201001012201212000022000222
20102021201110111220022102012111220
20211011220202202110010112011200110
2120221122121221202121202011100002
200110022210010212200022101022
21112202022211012022220210100111112
20101202022202210011112210012222211
12022220211102000220002002012000220
22112112002020111121000112210102
21021201020001221011002022020212010
2221112102011000100122011011200100
20220001010012202201102202210000010
12101002101112201020010200122110221
21220211221002100021120221211212200
10021211102101001201011101012021200
11111111211022020120020202021021022
20110212100121001201111102122120221
12210001210122112021101021121120012
1002010222120221200102201100200022
22021011111021001000020001100222012
2122010202201021110210020010021000
2210021222112100122222221122111200
22020202121020201022110121012211122
11221121111122220101222020212100101
2010002022010221021121002020221200
11202221002010122021100212012001221
1002112022122122000002022000022222
11000100201112012211201220101010222
20010211201200221000201110221202002
10120000000210201221000001010022022
21101021001211021100122012000001120
12021201112100011101112122101121112
10012221110222212021101022020222200
222210022100221122012121221022100
2200212110110212201002021220012022
12211022120120210002212101001221101
11121222221202122012022201011010101
11101201201010021110011100012021202
22021120101021100200222111112010001
21202221220121121221202112210220100
22011100211010102112000202210111121
20102220010222021100010120100110200
20020022100122200201211212201000020
122100222110001001001011220211002
2220221112120220021220212112012121
2001001022010200102200221222210102
10222000011211202010201110102101001
10220011112100101020112002022112021
2211100101221201112210021221120002
2212011220220120002210000120210200
10121002000011202011220020220211202
11022000222201102121212100221201100
10011101202210001102001001222101021
10012111212001100102011000202212122
11122212012122122220210021010100022
21200122100021220122202012101111011
11110222121121001121212002010020112
21200221002120220220020101101020101
20201212220101200112020001020202011
21202010120122100012010210000010202
111220000222012012100011212110022
11112121112121102222121210101202221
2122212010221210120111200121002222
21210101220112020101201201222010
2122100212011100120221210121112222
12201101000210122222221000000002112
11121210020021122122220001022211000
11121011121210100102200221100100221
1000211201210022111222222020100202
21200121102101011200220102020000101
21220122202120000010021011112001111
11101220212122121121111010112002221
2221212021100022100100002011101100
2221121222220200102210112211120221
12000122200122201001020022221222221
201200011210122202022121200020101
12012101102001210201102102110201121
10010210201020101112221211111102101
10221212022012020111222100220222221
11102222010002102200220111222122220
21212021021221210110101221101210221
20002211001012202022101221222202
12121000221222022202222002110010000
20112220201120102011010110120201210
22010100010122020210201020211102112
12110222110110110000010102001100222
2022222202200021002012202001121200
