1011000001101111111110000110110101000000101110011011000
1101101100010000000011000010010000110000110110111100110
1110010101100010000011000100110101001111111001
1001101010000100010001110111011100100110011110111001100
10000001010011101101010110001111010101010001101010001111
10000001001101010011101111000010100001111110011101010110
101101011101010001011101010100101011011010001100110100
1011110101111000010000111010010011000000101000011000100
1111000010111010001100110101111111101011110111101000001
1100100101110110010011110101011100011101101010000000110
1001100001000100110001100000101010010010001110011111100
1100000000111100111001001101001111100110010100111101001
1011001101010011010100100010101111000011000011111101010
101100111000111010110110111111001010100101011101100111
1010000100000011010011100101000001010110111111101101111
1111010100100000101000101001001100110000101010110111001
110000100110001111010010100110101001011011011111000111
1011011001111100010011100100000001001010100101010000100
1001000110101011000111110011110110101011000001100111
100111001011100110001011010111101001101111011011111100
1111111001111000110001011010010111000100101000111001000
1110101000001110000111011101011010011001111000100110100
1100101000111111000001010010000111100001010011100001
10010001011000010110010001001011111111111110001111000
100101001010000011100111101110001001100000100101011000
1111011111000000011001100100100110000000110011000110
1001011001010011000110000010101101001111000011101110110
100101011111110100010011011001101011001000010000111011
1010000100010111110010010101101010010100110000010110
11010110110100101001001100000101011001111001001111110
101000110000111110011100001000110101000011011010000100
1101011001100110000001101110100010111001110110011001010
110101010101100110111011000101011100001111111110011010
10010101011010011001110110000011010110111100101101010
110110000011001011010111010011110010011101110011010000
101100011011011110101001000100010001110011100010101111
100011000110011101111111001101010110010011010001001001
1101001110001000110100100001001110110000011100010001100
1100001011100100110110011100000110000010010111000001010
100011100101011100100000110001101101010100000010010101
10001111011011011010101000011110111010011011111011011
10100101101000110001011000000110101011110001111110111
1011001010001010100111000110000011111111011010011110001
1101100111000110010011110011001010000001101110001111001
10010101100110101100010011001111001000110011011111001
111000101101101011011100001111001110001101111011110011
1011101011100010101111010111001110001111011000100000
1100110110000000100101001101110001001100100010010111100
1000110101011111010011111111111000011100111010011100001
110111011101010010101101010100110101011010001110001
1100010001010101100000000111100111011010000010100011100
101110000000000101110000000000101110000000000101101101
1011000001011111100101011111111010101000111010101101101
1100000111011110101100101101100000000101011011100111100
1011010000101010010111100001011101001011100010101011011
111000110011000011100001000000011000000001111001101111
1011101101110110001100110101011011100101101001111001110
110001101010000101001011101110010110000000100110111100
1111100110101011111011110011111101001011000010011101000
1011111001110110001110010101011011110001101001111011010
100100011011111110011010010001111110100011001001000110
1011110011101100111111101111100010110110010000110100101
13030132214011421131244
310220202430030102424131
334423404001303131344042
30431130312414210234433
444201402101444204403444
202341334303021132142223
334123014144203023413013
304342412224411044411333
433403114440131101100104
2022044324204403441003
222444121401243012320022
32141412413242034004030
300211332144030124310433
204310424133443144040001
102342003310211444041103
30232031240020114042033
213443002212213334344113
24322410212440003410401
133022244321031101400012
23034003000011344244442
341110022442141004013110
124101241234331200232344
314413430201224331131000
231204331212114234342022
322433024422320223130302
33412124443012114310242
300020443330441404340110
310133322103114000310303
12304132243043424402130
141022210411024144331344
201114131233022110424024
43214133434141400212230
110221433432301001430114
13310340342130004341202
430224241001220431141443
210034413043024401434311
32330310241101313012424
424141423301420404140413
12132432111103003444211
40001433133041132223301
424132220044220312210124
34200322104243414140341
130223423244211041023004
4113332340012111444420
420133041400420130201144
234314243241124220334110
211244202201013010000141
40104443131324024322023
212410140012413312343033
422312430002220321134043
301233221422043224021131
32240440431021444223344
443211121424200102210304
1001101032030131312131440
220021332431010430021240
122224012204212443041122
301244144343330201312013
22042224324323021343032
242010104314211334112341
43344321102140302444102
303323240213314101220
323430024314201211134101
1001111233230221124320441
110314021004301421233004
23331403313443241110330
1001443010411343114212142
32433320234334210111201
20341200431200240104232
101022434434404113121403
444132213420401410341040
431100311432303103344143
44244012200323211043114
103130422143140404023033
134120041444223330433212
31310140232120044112324
310021103402131011231231
443144422231221014313041
34120432223111302433431
414122401320331113333214
402310440140310232041203
331334344322422330230011
231404202011210441141303
210304420021103123010213
102041114003111341110024
113214132310322443343141
310231130401312030220013
222004113000141020223213
22423230234302401132410
11134434221332300232211
41111423002102214412431
121132213023404434211134
1001233210133404210330241
2112412132123442433300
304030323224331404033041
344211224311340113233121
410220033422334241030243
240321444333100021031344
443242004303221434120431
3342332414044120220301
423120034023402304430220
410243204034440021422110
204113321101323043304022
44021021234131223402021
34041042341424141232021
12034130320020203331223
340331310304301411220131
303021402413324223030204
124223213143014231242144
313200430333430401343104
420124104414412143322241
142024412003000000024133
213033104413441114111100
400223410332203121013041
111302033420124422412334
143114220143024012442142
114132240313411040403231
322014421414232131120212
434040243043403444243410
12343230331431133034324
243421431433212244441312
12404430024410220432042
313320140030142331334044
413443212200221431310104
233201043212302311422403
323134114440443310240131
1002400412214341344033231
12212100221043010044240
232031123414344022201103
402124033303224443444233
234420041022441011414022
212130424332134444341342
111241332220040110223333
443440332104423420212000
4133242242302021114210
434423013222420204343323
13200334403113121331001
314424131401314143320012
401132310133041121042331
30224314023044013023223
332312211033211014220340
142004230324012430303012
421343324001243003420241
112014101410034432313100
124244342314341021222032
203203423303100323021012
13044044123412110042322
112040231031411222242433
314022223041210134202140
311412244342144402334042
231004234141330422440410
300213323134304120222412
13242200203421431032010
240243324220444240140032
304040031432032001013330
233301340444114103002320
314320400131334141114404
212424101422314001304111
320040130333220302033430
224124021123044004123442
140301432211303313204111
203043422314033440010311
434142310044302121133420
103143341110201322230344
43430203431212134404224
44242242431241330233021
311202222343013333400244
444004244014324104123023
212430044420203222012323
404131223230144443321001
144134340202010231342242
414402112001104431334410
213422321033231320122442
141301421041303012333040
103234430134313021330022
21220432122043234034001
242124314010423314103331
421344321444132224124003
213004434301340333214233
330041012131102014031432
441443122111401122422402
342111004320024423400301
301143130340321300130220
13232442001221334101221
414143032444313133104340
423411441344444431032341
40422032131403220200320
322431310203233342320204
14331232122303333343133
1003313022230040220340104
422114102201013340043024
1002110224112331103241203
430233444203421023122232
132211430040033241331313
143412121012010404303030
404010023043204022413043
204004041334003320400213
231204331212114234342022
13231222232140003241123
221424223114003404021303
400340402311443444440210
222113120441313133030202
103431040224043401402231
1001010440443404333241024
432021132202312301423043
322233430344421131432402
400343120023420101004020
203433410210021301124034
302221234332421230201011
223231321020140041441404
413423031021234412033433
42042444422201230130332
33444232041120332031012
232443233430042344002431
210340031123432344314004
100030213321331020011234
32211101044334333021434
33343213033111430344214
243443332331231200023031
240322442330434241240111
10441111420130314141142
330441201222124142334211
411243142414434221101034
13100042121301330301034
141411200304122240241410
223421433112031201310401
130141321201102323302234
402134240003314311133234
131402330023122312123212
33423324140441202203010
1003134331102320304020211
233332002101443324311100
120422412300421030324241
33340002323301104122142
110242341332430131303121
224314133214440113442434
343042031240123434113202
310312240002031022232021
133013041113331004414223
140032423231114312341421
111203232124042122244401
32303404343032412431210
100444043101111222123210
410132210103033413203142
3314212301443334323434
240112420331303222301313
14030121044011120310223
43210202003133413333322
234414314301243401312141
302421331403210042102123
411104300042124442042140
441421221213332222341133
340203340403224110002103
210112311433433022224242
420112410221433110430023
434222144430434232340330
124000001010130133444220
11243220441312302432314
241000141010314432401242
324231140342443424222
311241320431401042032443
101243213134124444244141
102314331141000433403003
103242142401234122343332
441300021031341301433214
233411341433130441013021
11213331110130141230404
34113441232332312022002
233320302404014241413343
314030212024323400322331
130030100443004104431440
420413300024033213411102
240333144031024103424101
112014101410034432313100
443023222044230043410122
10231034420444300202410
323344413211321434330244
41321223230041123244332
234002431012242140112144
134414433303434213211024
321411140144302123420104
200101002214314332440403
331444124040242103133331
43200443300433321403033
200214213413142042223131
304031321222221124241303
404004030100314302204331
431112232401424301343242
133034442011344410000442
41013342432212024401324
442242020423222234442002
123044040142410400040110
12201344021003142410234
30234244001441220110343
41104432011323224001002
3332402440201413133131
200312022211340122132402
121142143002302141243301
142403200201003223300143
110334202133233441004130
232140403132213300104423
313030223144324201143402
442440343224424221033021
344234123202243234023102
243142221302433431440121
243423422423441240403241
231233444322104240442101
130310304121122143141343
422423202212424314301130
220320010021134431434004
222313213012101444431314
244431124020412041101030
340442033020010404332224
402014304040410221040413
430003014304110324310443
403343031113413143440402
23013321321024330023321
244023000441221201123110
40342414021413214100241
301441302431000302042434
242122323020144323141413
401121110440112033200113
221114130104203204104440
322113444432012041340031
321244414441203410044310
34400142403340120440122
431240202303002103111304
41101000030320242122044
12333024131341320400323
203121321204442110300242
231404202011210441141303
140344241010001343113332
442303441342343432441101
314423133403424423111311
24021244134142240322441
141342233344222101330332
124244121043143411120201
122234213404302310230123
301302133331443412432204
123242412444112331131124
330211214320203214231134
142101312401013400110344
1002144100430021201322021
20434231001040430120334
1000432044110111442242331
10303212040210310341010
111243101434121441033431
11110321111342244132132
14110010430143232012133
110030102121323011301024
443030434311201144423432
444144134340023103340134
233222444110321212004122
44424144313322113324441
42100212134122331144142
323430301040343321240432
104121424042132121323104
222401041331402322303420
41004134230011432421040
11002034341412241432024
131413302444404234414044
102242430242432033321234
134433123442142242020213
30301441142310023211323
3002400023111304102023
432012421443001430201021
104043032203334230324411
304410104420224403012324
23310224142122001130442
2214202411330004221424
241123110411342234114320
212330023410034041034242
144124410223113024310122
243003323430124202431222
41444143131113430012344
34002442300431203303034
244102114101211202223134
224144202302031023400113
440210434113004344122041
244320401310203042433443
144333213003212212433314
220404103110022140121203
21400343013400031214
400211434413031423013431
322443004401212430212422
400433211110142024344431
422300011040204402431243
310322441202120334421022
443124241102234000041420
332431420224422444211314
22230124204243030143222
200043240002343231422043
43422441214241033340414
311313221324414442114212
300301202004104443100013
303010203220400140132441
104323014110310203432433
144422034320402311014124
211312121113023423203002
132421230313022200213214
143314040442120214241423
242014041300214320441244
22241102131030002434104
312300241242403223040330
404321340322041103134443
242432144303302413001334
1003012404144132223010411
101423400302123402031013
111204003400234232401232
422204420003432424040321
241040010320344301140322
203443113412221343104323
113220402024404324203234
313324343232342423314333
440320213330324122030411
1000221300334233313202213
43432421143133240423034
343420043211440102232331
303343421342301120441121
1001032120120231123220412
22031030131343434000322
204444322011302423043400
1210232100322323214042
33221014403231234233033
324030100324320342112121
431412400432332244222440
24242244110110232102110
34413333042043144244314
424442313104021012121442
12431104201232010411430
1210232100322323214042
214341422034204132341244
320324044221144212020410
224204132230423230432233
413213004022103343100201
122332243424143000241230
444204114313420310422304
203302230044133123134
404440323242110423024102
412022403100213034102230
113034221414021201213200
300101104433321131143401
43304230020413324103141
443343023311230340302224
214344411022322344011440
113214404032020104000022
3121332443131123441132
234243340341000041011103
111124114014102121144322
420010343221034434040002
1002423311110300014323212
344433001004000220114121
134114044001334110230
323232421232031110403114
331041444003440433414123
242001344104401012340314
313032440411300302212212
411424101304130233434242
140201134424442022124144
413000441032143333144440
422022020124012420240200
420100434302311412430424
232231442211324444204101
234340201141303400212101
102344442243330210211244
24200212033104312244220
421330410034232040212430
41122124202142032101432
202023031033410111003330
32132204211041442023241
122243200340310242104031
314401011234213412423200
144023114443412013021443
111314004334301120411433
240424233110140303023240
200230413111121130120344
33112233133301232032430
40444204301114230333420
210311411011332113422142
324340143334121042023434
221041004442102423213123
302223230323200221112440
442102401324220400331222
334313403012241243333341
143033111042310020430134
232432034232113311110213
301414402032431402011220
1420304100003342202324
422441342401132343110322
204242012224043010123423
211430332311401132440230
341020424403303300330411
111411041411302040214323
234233410412102333423433
314430124344203414023224
312340332324130201431241
13131422443212432414423
231012223124444134111101
243024010104111222202343
304432232034440413200413
232343212414423213024400
33444010314423221424131
302010441112043101110343
112234330104310313440333
300042344224010304421324
210402002043104042313103
141142141323433234424220
311343332432244213423003
324211004214011410000324
103220242003220222312113
1001443010411343114212142
23311000413314111232323
430022202440203123323402
131221144412234134133123
212310114002244131420002
1002331224033244100020322
311024031220243422030401
312304002002214044312402
432202312313200424413132
204320132341143241020240
2204444204124412241140
301341010144134011013022
1001244133110141133121123
143443003341032241213144
123440021031232431412100