1100110001010111100111001100011111001101000001000101010
110010111001111101001001011010111010000100101101001111
100001001101101000100000001110110110101101111000110111
1111101110001001001000100001010001010000011100100100111
1011110101111000010000111010010011000000101000011000100
1001100001000100110001100000101010010010001110011111100
111001110101000110101101110111101100000000010111100111
1111100110101101111110111000110100011110000000111010110
101100001001100011101110100000011011110000111110110100
110100111110110100101100111110010001001001000100000100
10110000001000100010010011011111111011111010001010
10111101010010010010100010100110110011000010111011010
1010100000000011010111000101000001110010111111110001011
1101110010101101110000011000110010101010000000101100010
1111010100100000101000101001001100110000101010110111001
110010101000010010100111011101111110011001111101000111
1011011001111100010011100100000001001010100101010000100
110100110101000110000101110111100111000000010110111010
11001110001111110000110100100001111100010100111000100
1010100110010110110101000011001111001101010001001100001
11111000011111001101001001000001010100101001011100010
10001110100000000001011011011011010100001000011101111
101010101000110010011000101011101011001001100011100011
1100101000111111000001010010000111100001010011100001
110100111000101011011110011000011000001101101010111110
100110101110001001111101011100110000111101100000111111
1010000110110001011001000010011101100011111101001010010
101011110100000011011011011011110100100001000110111111
10010110000001010100010010011101111111011111100011
1011100111111011010011110001100101101111000110000011011
1000000111010011111101010101000111100110100010110011011
110111101101101011010100001111001101001101111011100
1011000100001011100111111000011111100010111001101100111
10010101011010011001110110000011010110111100101101010
101100011011011110101001000100010001110011100010101111
100011000110011101111111001101010110010011010001001001
10000001101101010011110011000010100010011110011101011010
1110001110101101110011111000110011000110000000101111110
1101001110001000110100100001001110110000011100010001100
1100000000101100100000100110010101001110100001001111001
10000001100101010111111000001100010000111100011010010111
10001111011011011010101000011110111010011011111011011
10100101101000110001011000000110101011110001111110111
10001001001110000101111000110111011001000101111001010
10100011100101101100100000110011101101010100010000
1011101011100010101111010111001110001111011000100000
10111101010010010010100010100110110011000010111011010
1000110101011111010011111111111000011100111010011100001
110010011011101111110001101011010010001011010110111
1111010001001111101110111001000100100001000111100010010
1000011010110001001011100010011011110111111100111100110
1110110010001101000111001010111110111010011001011000111
1000010100011111110000101001000101110000101001111111
1100000111011110101100101101100000000101011011100111100
1110111001111110110010101000111011111101100100001010010
1111001111100001001000110010011010100000011010011110010
1001000111001011111001000001101011011010101001000100011
111000110011000011100001000000011000000001111001101111
1011101101110110001100110101011011100101101001111001110
11001000101101011100101011000011101001011110100110100
110010100000010110101100100111101100110111111001111111
1110100100101010110010000001100000011111100011000101111
001001010010101001001001001010100101001001010101010
0100101001001010010001001
01001010100010101010001010100101010100101010010001
001010010010010100101010001
0100100010101001001010101001010010010100101010010001
010010010101000100100101001001010010001010010001001
0010101001010101001010010001001001001001
00100101001010010010010101010010
010001001001010
01001010010100010010101000101010010100100100100100100100100101010
010010101001001000101001000100101001001010010100100100101001010010
010
001010010010010001
010001001001010010100101001010101000100101001010010010001
01001001001010101010100100101000100101010001
01000101010001010001010010
001001010001010100100101001001001010010001
0100100101010010
00101001001010101001001001001001000101000101001010010
00100101010010
0010010010101001001010101001010001001001010010
01000101001010010101001001010100010100100101010010
00101010010010101000101001000101010010001
010010101001010010100100100101001010010010010010
0101010010010100100100101010
00101010001010
001010010010010100010010010010100101001001001010010101010010010
010
01001001001001010010010100100101000101000101010
001001010100100101010001010010101001010010100101010010010001
01001010010101001010010010010100010010100010100100101010
0100100101010010
0101010100101010010
001001001010010010010001010101000101010101001010010
0010100100100100101010001010
0010101001010010010101001001001010010001010010100101010001
00101001010010
01001010010010
01001010100101010001010010101000100101001001010010
01010001001001010010010001010010010001
01001001001010100101010010010010
00101001010010100010100101001001010010001001010010010
0100101001001010100100010100100101010010100101010
01001010010001010001010
00101010010
0100100101000101010001
01001010010100101010101000100100101001010100100100101010010
0010010010010010010101000100101001001000100101001010010001
01001010001010010100101000100101001001010010010
0010100101010100010100100101001001010010
010100010100101001010010001
01010101000101010010010
0010101001001010010010010100010101001010010010001
00100100100100100101010010001001001001010010010010001001010
01010100010010100101001010100101010001010
010010100100101001010001010010001001010010100101010
01010010001010100101010010001010
010100100100101010001001
01000100101000101001001010010010
010010010101010100101010010010
0100100100100101000101010001010001
010010010100101001000100101000100101010010010010
010010
010010010
0101010
01001010100100101010001010101001001001001010010010
010010010010010
0101001010010101010010010010010
010100100101001001001000101001001001001010101010010001001
00101000101001001001010101001001001010100101010001010010001001
0010101001001010100101010
01010010100101010001
0100101010010010001001001010010
010001001001
010010001001010001001010010101010010101001010010
0010101001001010101001010010101001001010010001010010010
0010010101000101001001010001001010010100101000100101010001
01001001001010100101010001001010010100101010001001001001
001010010100010010010101001010100101001001010100100100101010
010010010101010001010010010010001010010010
010001
0100010101010100100101000100101010010010100100101010
01010010101001010010101010010101010010001001
0010010100100100100100101010010
010001
01010001001001010001010001010010010001
00101000101000101010010001010010100100101001001010010001001001
010010
010001
01000100101010001010001010001001010010
0100100101001010010
0100101010010010010101001000100101010010001001001001
010010010
001001001001010100100101001010010101000101010010001010001010
010
010010010010010101000101001010010001010010001010001010001010010
010100100100100100010101010010100100100101010001010001010010001001
01010100010100101010100100101010
010001010
001001001010010100010010101010010
01001000101001010101010001010010101001010010
00101001010010001
010
00100100101001001010010010100101001001001001010010
0101000101010010010010010101001010010100010100100101001001010010
0100101000101001001001010010001010001001010010100010010101001010010
00101001010010010100100101010010
010101001000101010010010101001001010010001
010101001010010001010001
0101001010010010010010010010100100101010010001010010001
0101000101010
0100010100100101010001010
0010010101000100101000100101000101001001010010
0100010101001010010010001
010010001
010010010010010100100100100101010100100010101010010010010010010
01010100101000101010001001001001001001001001
001010010001010010001001010010100100101001001010010
0101001001001001010001010010101010010100101010
0101010
0010100100101001010010
00101010100100101010100100101010010101010010
01010001010010010100100100101010010010010010100101000101010001001
01001000101001010010
0010101010001010101001001010100100101010010010001001001010
0100101001001000100101010010010
0100010100101010001010010001
010010
0100101001001010100100101010
01010010100010010010010100100101010010
0100100010100100100101001001001010010010010101010010
0101000101001001010101010010100101000101001001010001010010010010
01010100101001000100101000101001000101001010010001010001001010001
0101010010100100101010001001001010100010100101010
010010001010001010010010010100101001010101000100100100101010001
01010010001001
0100010101000100101000101000100101000101010
010101010010100010101001010100101001001010001010010
010010
0100100100100100101010010100100010101010010
0100100100100101001010101010
01001001010001001010010
01001010101000101001001001001001010010010
01001001010100100010101010100010100100101010
00100100101010010001010010
00101010
0100100010100100100100101001010010010101001010010001010010001001
01001001001010100101010001
01001010100010010010101010
010
0100100100100101010001
0010101001001001010010001
001001010010010100100100101000101000101010
0100101001001001010010100101010
01001010100010010010010101001000101001001010010001001
01001001010101001001010001001010010010010001
001001010010100010010010101010010010101010010001001001010010010
0100010010100010100101001010101000101010001001
010010010
01001010100101010001010001
0010010101001001010001010010001001
010010010001
010010100100101010010100100101010001010001
010101001001001000100101001010100101001001000100101001001010010
010
010
010001010
00101001010010001010001010010010001010001010010101010101010010
010100101001010100100100100101010001010001
001010100101001001001010010
0010101010010010001010010
101010
11000110001101111000000101010
10101010101101010
0101010
010101101010010011101000110010111010011110000100101110001110101010
00001000000011110011111001111101011011000011010110100001111001100101010
100011100011100101010
0101010
010000110101101010
00000101010001101110011100001111110011100001001110101001100101010
101010
0110010100111111000010000110001011110000101010
101011111001111101010101100011010010000100011111100001011110000011000101010
00101010
000101010
000110110100110011001111001101011000001100101000000010010101010
001111100101011010000010100101101101000110001100011101101000011101010
000101100100101111011001111100110010000001010001110011110010000101010
111110001000101110001000000100110111101010
11100100110001001000000011000101010
101010
0010101100010100100100101010
011101100110011100111101010101101001011110001111001010101010
001010000101101010
10011010110010100100101010
101010
10001011111110101010
01100101010001001001000101100000011011111111101011100100101010
11110101101101010
0111100101000100101001001101110101010
0101010
001010000011010110101101010
101010
011011111110001000011111001111010101110001111110010100100101010
100001101101101001010111100000100001100001101010
0101010
01000010100111001101100011101010
11010110101111001011011100000101100011010101101110100101000101010
11010001101111010101111011000011101010
101010
11110100101010101010010000100100101101010
110100101111000111001001001110110111101011101000000111001101010
11010111001010100001100100010010100000010001100011000101010
111000110011111000010100101100010001010110010011000101010
101011001100010010011100011110001101101111011001101010
01000100110011101001111101010
0101010
01010101100011111111011010110111111101111001110011001101000101100000000110101010
0010011001000000111111001111100000000110000100011001001001000010000101010
1001000110101000111110111001101010
001111101010
