


















































1110010101100010000011000100110101001111111001
1100110001010111100111001100011111001101000001000101010
110101100100011101001110010110010101110100110101110010
1001101010000100010001110111011100100110011110111001100
101011011001001011000011100110000011011101010001001110
100010001111001010111011111000010101111100101111010011
100001001101101000100000001110110110101101111000110111
1000101001110111110111011010001111110100100111111111000
1010101011111011001100010001100100110011000101111011111
1101100011000010001101001001011011010111110001010011001
101101011101010001011101010100101011011010001100110100
1111101110001001001000100001010001010000011100100100111
1110100101011011111011110110001111100110111110001110101
1011110101111000010000111010010011000000101000011000100
1001100001000100110001100000101010010010001110011111100
1001110100010001100111000111000100001011110100111011100
1111001011100011001011010111010001101111011000111100
110100111110110100101100111110010001001001000100000100
101100111000111010110110111111001010100101011101100111
101011101010110101100101100010111111001000000001010110
1100100110010101000001111110011001111010010010111110011
1001010111001101111110000110100010111101100111100100001
1001111001111110001010101000110110111101100011100010010
10000010101100000001111111111111111111100111011010111100
1000111011001001110100011100110011111011101010100101
11001110001111110000110100100001111100010100111000100
101100011011001110010000011101010111011011101111000001
100111001011100110001011010111101001101111011011111100
1111111001111000110001011010010111000100101000111001000
1011011110011011000010001100111110101011001110001110101
1101001000101000100011011100100111110000100100011100101
10001110100000000001011011011011010100001000011101111
101010101000110010011000101011101011001001100011100011
1110001011010100101101110101001101101010100011100011111
100101001010000011100111101110001001100000100101011000
1010000110110001011001000010011101100011111101001010010
101011110100000011011011011011110100100001000110111111
11101000101101100000101011000100001001011110101001111
1110101000101000101111011100101001010000100100101000101
1011100111111011010011110001100101101111000110000011011
10111001000101111111100101011010111101001100001000111
1001100111010010000110010000010001110011100100100001000
1010100000111110110000010010000101011001010011001110010
1100100010001110111000001111110011111101010111100100101
1000000111010011111101010101000111100110100010110011011
1010000100010111110010010101101010010100110000010110
110110100010111011000010101100111000100101111111100110
1011010010000100011110110111011110001110011111000110100
100011011010011011111110101000011111010100010010101111
101100101000000001011110110110111110000010001000101001
1101010001110010010011001011101110100011101101001010110
1101011001100110000001101110100010111001110110011001010
100011000110011101111111001101010110010011010001001001
1110011100000001110011100000001110011100000001110011001
1100001011100100110110011100000110000010010111000001010
10010101100110101100010011001111001000110011011111001
111000101101101011011100001111001110001101111011110011
10100011100101101100100000110011101101010100010000
1011101011100010101111010111001110001111011000100000
100101110000011101010010111010111101010011110010010000
1010100111110000111100011001010000010000001101100111010
1001001010000100001101110111011100000110011110110101100
1000011010110001001011100010011011110111111100111100110
101110000000000101110000000000101110000000000101101101
110010000011001010110111010011101110011101110010100
11000010111100110010111111100010010001110011000100010
1100000111011110101100101101100000000101011011100111100
1110111001111110110010101000111011111101100100001010010
1000010001010101000000000111100011011010000010000010111
1001111110001110100011101111110001011001010111010000001
1011111011011000100001111110111010000000100000001100110
101010000111010000000001000010001100011010101101001011
110001101010000101001011101110010110000000100110111100
10011101101100110110100001110101001001101110111001011
1111101111111011110100110001101001110111000110100100011
1111100110101011111011110011111101001011000010011101000
1000001100011101101100100100001110010101101011100001000
1100110110010101000011111110011010001010010011000000011
10000010100110001001001010000001000001000011110101101
001010100100010100100101001010100101
0010100100101010101001001001000100101
01010001001010100101000101001
001001010010100101000101
00101001010101001001010100100100100100101001
0100101001001000100101001001
0100101001001001001010001010001001001001001001001010010010101010
00101001010
00101010010100101001001
01001010100010101010001010100101010100101010010001
01000101000101000101001
00100100101010010101000101001010
0010010101010
0100101001001010010101000101010100101000100101001
01001
001001010101001001001001
001010010010010010001010100100101000101001010
010001001001010
01001010010100010010101000101010010100100100100100100100100101010
001010010010010001
010001001001010010100101001010101000100101001010010010001
0100100010101010101
01001001001010101010100100101000100101010001
00101001010001010010100101001010001010010101010001001001010001010
00100101010010100100101001001010100101001010010001010010101

01001010010010010100101010100010100010010010100101000101
01000101001001
0100101001000101001001001001001010100101010101001
0101001010
0010010010101001001010101001010001001001010010

00101000101001001001010100010010100100100101
01000101001010010101001001010100010100100101010010

01010001
010100101001001010101000101001001010010010101001000100100101001
0100100100100100101010010010101001
01000101001001010010010001010010010001010001010101010001001010
010010101001010101001001010
01001
001001010101

01001001010100010100100101001001

0010100101010001001010101010
001010010010010100010010010010100101001001001010010101010010010
00101000101010100100010010100100100101001001010100101001
0010010100101000101001000101
0010101
0100100101010101001010
0100010010100100010101001
01001001001001010010010100100101000101000101010
010100010010010101001010
0100100101001010100101001
01001010010101001010010010010100010010100010100100101010
01001

010010101001010010010101010
001010010001010100101010101
0100101001
001001001001001001
01001001001
01001010010010100101001010010100010100100101001001
0100100010100100101001001001001010100100010010010100101000101
0010100100100100101010001010
0010101
0101010010010100010101010010101001001001010100100101
010010100010010010100100010101001
01001001001
01001001001010100101010010010010
0101010100010100100010100101001001000100101010
0100101001001010100100010100100101010010100101010
01010100010100101010100010100101001
0010100100100100100101001001010010100010100100101001001000101
01001001010101010101010101001000101010010101001001
0100010010010100100100010101
0010010010010100100100100100100100101001
0100100101000101010001
01010010010100101001010010010100101010100010101010100101
0010100100101001000100100101001001001001
001010010001001010010100100100101001010

0100010100010101001001001010001
01001010010101001010
010010100100010100010101000101000101010101001001
010010010101
01010100010010100101001010100101010001010
010010100100101001010001010010001001010010100101010
001010100010010010101010010001010101010001010001001010010100101
0100010100100101001010010100101001001001000101010001001
001010001001001010010010010101010100100010101001000100101000101010
01001001001001010100100101001001001001010100010101
01000100101000101001001010010010


01001
0101001010
010010
010100101
0101010
001010001
01001010100100101010001010101001001001001010010010
0100100100010010100010100101010100100100101
010100100101001001001000101001001001001010101010010001001
0100100101001010101000101001001010010101010010010100010101
010100010101000101001001001
010010101001001001000101001010010101010010101001001001001
0100101001
0100100101001010
010010100101010010100010010010101001000101001001
01010100010101001000101001001010001010
0100101010010010001001001010010
0101001000101010001
01001001001010101010010010010100010101000100101
0010100100101
010101001001
001010101001010001010001010001

0010100100100101001001
001010010010010001001010010001010010010010100101001
0010100100101010010101000101001
001010001
010010010101010001010010010010001010010010
0010101010010010010100101010010100100100100101001
001010010100100100101010001001010101000101010100101001010101
0010010100010100101000101001
0100101001010010010010100100010100101001010001001001
01010010101001010010101010010101010010001001


01000100100100100101
010010100101001010010101010
0101010001010010100101000101001010010010100100101001010001
0100100100101000101
01010001001001010001010001010010010001
001010001010010100010100100100100101001001001
00101000101000101010010001010010100100101001001010010001001001

001001
010010
01001010010101000101001010101001001010010101000101001
0101001001001001010010100100100100101
001001001010001001010010010010001010100101
01000101
0010010010010101000100101010010100101
010010010010010101000101001010010001010010001010001010001010010
001010010010101010100100101001001000100101
010010010010010100100100100101010101001001010001001001010
010001010001010010101001
0010010100101001
010001010
001010010010001010010010010100101001001001

01001000101001010101010001010010101001010010
001001010010001001010101000100100101010
010010100100101010010010100100010100101000100101001
001010010100010101010010100010100101010101001010100101001
01010001
0100100010101010100010010010101010


001001010010100100100100100100010100010010101

01001001010100100100101001010
01010001010101
010101
01000100100101

001001
010101001010001001010100100100100101000101010100010101010
0101001001001001010001010010101010010100101010
010001010010010010010010010010100101010010010010101000100100101001
0101010
00101010100100101010100100101010010101010010
01010001010010010100100100101010010010010010100101000101010001001
01010010010010100010010101001010
001001001010010010001010101000100101001001010101001
0100010100101010001010010001
010010
0010100101001010001
0100100100101000101001001
0101000101001001010101010010100101000101001001010001010010010010
01001001001000101001001010010010010010010101

00100101001
0101010010100100101010001001001010100010100101010
010010001010001010010010010100101001010101000100100100101010001

010101001001
01010100100100101001000101001010001001010
01000101001010010010001010010010010100101000101010100101001001
001010100100100010100010101001010010010100010010010010100010100101
0010010100100101000101000101
001010101001
0100100100101010010100101001010
010010
0010100100010101001010100100101001010
0100010100101001010010100100101
010010010010100100101001001010
0101001010
01001010101
00101001001001001010010100100101001010001010001010
0100100100100101001010101010

010010010101000100101001001001001001001010001

01001010101000101001001001001001010010010
0100100100010101010100010100100101010001010010101001001001001
010100010010101001001010101


001010101010100010010100010101010010100100100101001010


0100101001
00101010
01010010100010100101010010100100100100101001010
01001010100010010010101010
0010101001001001010010001
0010100101001010100100101010010100100101000100100101
010010101000101001
01001010100010010010010101001000101001001010010001001
001010101001010100010010100101
01001001010101001001010001001010010010010001
0010100010010100010010100101
0100101001010001010010100100101010101
001010001001001001010100101000101000101001001001001001001
0100101001010100100101001001001000101001000101001001

0010010100100010101001010100101001010010010100101001
010010101001001010001010101001010101001001
00100101001001001001001010100010100101001
010001010
00101001010010001010001010010010001010001010010101010101010010
01001001001010100101001001000101001001001001010
001001001010101001010101010001001010010010100100100101001
0100100101010010010010100101
010100101
0010100100101001001010100101010101
01010001









110000101011111011001010011101110011000100000001010000101001000110101
0111110001100010110011111001100101011010110110010100001010101101
101010
000101100000101001000101001110001011011100110111100101011101010
0110100000000010001110000111111001000101
01110101010111010010011111001000011001001100010100101
0100011000110111111100101000000110010110110110010001110101010010100100111101
0110101111011010010010010100101000101010100111010111100111110010101
100110001111110010101001011001000100011110110110001011011101101010
111100101010101111001101011111110001000010011001100001110000101
11000110001101111000000101010
0100100100001000101011110011111001011000110011101010010101011111101
1011000100101010010110001010001110001000111010110111010111001010100101
10101
1100110110111010001111100010110110101
101101111001000010101
101110110101101100001101000110010001000010110100111101
10101010101101010
00011110001000110100100000000010100111000111101000111100000010101
01110001101
100011010010101101101
0110100001111011011011010001001110110010111111110000010101100101
11111000111000111110000101101
0100111001001001011101100011100010110101101100010001010101
01111111001010000110110101010001111100101001101
0101010
111111101110000111101110000101010
001001000100001011101101
01001001101100100101111101001010110001000001011010111000010101
10001101101001001010100011101
1111100011011001101110011100101000000101100101
111001010111011010010101001111111110011001111010101
010101101010010011101000110010111010011110000100101110001110101010
10110010110010010010010010100111000001011110100101001001111000000000000101
00000101000100101010110010010101010010110011101011101010
00000111100010101
10000010000110011001000101010000111101110010000011011011010111011111111101
111001000000010100000010001011110000010010000010100110000100101
111100101000100000101010
00000011101000001010110101100100010001101010
10010111101111101101010101
01011000011110110000100110110111000100101100110110000101
1100101101101010100000110011001100111010110011100111101011110101
00110101010
1000001101000111001011011111100001111110101010
111011111110001100001000011000100111011001001101010
00000011110000111110001100010111000110010000101
011010101100110111101
001110111000001010011101111101010100111011101011010010111101010
011011011101101100010100101010
1000101000010001000000000110101011001010111010101011010101
10011011000111000001000101
000100011111110111000101101
11010100101
00010101001011101
00001000000011110011111001111101011011000011010110100001111001100101010
0100001111000010100100001000100111011111101001001101011000010010011010101101010
0100101110000111010110111110001011001101110010101
10110011110111011010100101000000100101001011100100100110101
100000100010010011110101100010100001110011101001101101
0010100000011000011001011011111101
100011100011100101010
01101110101101110010001010100010111001101010
001100001101011001101000110000100110101
11100110100001100101
10110000101
110000001001101010101001001110010101101111110111110101110011000000000011101010
001111001110011100100010100001111100100110000011100110101
110010001000100101010
0101010
1101110010001101111100111001011101000101010
01000010100111010101
010000110101101010
1110001011010000101
100110101
0111100100110101
110111101011100010100100011001101001001101100101010
000100001110010111011001111000100001010011001100011101110011110010111000010101
100011100001010111101111011010100100101
00111100101110010010110011100001101101101111011110011011111111101010
000110101110111111001110110100011101100010101100100001110010111100101
10111101011101101
11000001011001101111010110111001101110100100011111011011101001101101
1010101101011100011010111110010110110100110011001100000111101001110111101010
11111011010111001101111001111110000100101
11101011011100100001000011100101
00000101010001101110011100001111110011100001001110101001100101010
11011011000100011000000000011111011010100010100001001000101011101011010101
0011101111100110000101111111001100111110101
111111101110110101010100101
11010100000111111011010001001000010011111001010011001101
10011101001011111101110011010101100101100111011011111010000011011010011110101
10011010100000000010100000101011101110001110000000100101
0111111101111010001000001010000010100000100100111001111110000101101
10110010010111100101011011011101
10101
0001001110101011011001011010000011101011110010000101
10110110101
1101101110101110011100110101010100100101111011011101000101
101010
10001011000000011000000101
111110100011111100110000111001101011101101010
101111001100010010101
0110010100111111000010000110001011110000101010
101011111001111101010101100011010010000100011111100001011110000011000101010
001010000101011110001111101000110010000010101101000010100001111101010
00101010
001010101110101
100011100111000111111010000100110001100011100101110101101
100110110100110010110011110000101
100110001000101110101
10011111011101111010001111111110000110111110111101010
010101
10111111100000100010100101100111100100100011111100111100110000101
1011111101
01010011010110010001101
1010101110011100011111000101
00000101111100101
000101010
01100111011001011011111110001001101000100101
000110110100110011001111001101011000001100101000000010010101010
011001101000111101111001001100101010
011010111011101001101010
10000100110101111001100110111111100000111110101000101101
100101111110010111000111111110101111011110111101010
1110010001100000000011010101
011011110011111000101
11101111001011010000001011100110111100001111001101010010110100101
11100001111011000110101
1001000011111001010001110100101011010011001101
1011111011110010111001101010001100100101100011010110111010111010101010
0110001000110001010011010001011001010100101000100000100111111000100101
10111000110001011101100011001001101111111101001001110000010101
00100000000001101010
010001001100001100001101100101101111111110011000101
1100001011110011110010010110100100111000011001111101
11111100000010111100101
001111100101011010000010100101101101000110001100011101101000011101010
11010010000001010101101011000001110110111000101
000101100100101111011001111100110010000001010001110011110010000101010
001010011111011101000101110101110011100010001001001000101101000111010101
111110001000101110001000000100110111101010
11100100110001001000000011000101010
1101100000111011001010111001100101000011111111100101100101
1010111110011010011010000011100101001011000100011110100111101
0111001111010101100110101100011111101010
00101110100000110111001010100010001110111100101
010101101001101100110110010100111110100000011001100101
101010
01111100101110110000100011101011001110000001100000101011000010111010101
11111001101101
0110101001110000111111011010010110101
01000101100100110000000110110011011010111111110111011110011110110011101010
01110001010011101011110101
1010011000100011011100000111010101010
001111101011011101101001110100100100010100001101
101001101000100000101
0110101010011100000100101010010110100111010100100101
001001001110111111001111011001010101101010
101000110010110101010011100001110111001010101000111000001010001101000010010101
1011101
10111111010101111101
1110111011011110010110101
01011110001010110110001101000101101111001010100101
0011110101100011100011101011111110010111110001110111101111110011101010
0000011110101011101011011111010000011001001001100010101010
0011001011011100010010000100111111000000001110100010110101
100101111101010
110011101100100101
1011011100101100010001000101101010111111010101
0010101100010100100100101010
01010001000111011011100100010001101010
10100011111001000101110010101
01000110001111100111010101000000110001100101
111011101000101101101010
011101100110011100111101010101101001011110001111001010101010
011101010
1000000101001010111010110100101100100110101101001001010001111011101010
11101110000101
101011000000010001000110010101111111101110010000010100010000101
1100000010100001000011101101001011001010001100100101
001010000101101010
1011111110101010110110010001010100101
000110110000000001000100110010011101
1110101
1010000000100110011111110101
011000001010001111110110011110111010111010101001101000000000101010101010
111011000001101010
111000111111101111101011000001010101000000000101010
0011000000101100101
110011111000111001000101111000011101010
110001000011001010011011011110010010000100011010101
0000000110110100110111001011110101
110111001100110000011110110011111110010011100101010
100100101000101110100110011111110010100011000011000101000000100101010101
101011000100110111110110010011010110100011010100101010
011000100100100101100110110101101101000011101
0010011011001111000000111011101001100001101101
11010101
11000101010010101
10100101
10011010110010100100101010
01000100000100011111101011111111000100111111010101
101010
0001000000011110111101111111101
1011101101101001110101
1001001000101101010001010101110111100000101110100011110100101
111011110010100001010100000101010000001110101011101010
010111001101111101001000010001010101001000000101
1110110010011000001001010001010010111110100011001101010
10001011111110101010
10010101010111000101
01001001001111110100101011000010000101010010100011010101
1000010101010111000101010010101010001111111000000101011001101
110000001110000110001000110111000111100010000101
111000100110110011011111000000010101010
011010101
01100101010001001001000101100000011011111111101011100100101010
111110110100111000001110101001110000111010001011101110000101
000000101111101101010101000110101
11110101101101010
0111100101000100101001001101110101010
100000010111111100100111110101
01001101110111100011101100001100111000100001010110011010101010
101100101
0010110000101
10000100001101101101010000011100101010
01110111000101101001110010111100101001111110010010010110110010000101101
001000011111101011100011001110100111101100111011011101010
010100110110001000101110100001111110000011110101010110001101010
0101010
101010001110101010111101
0111010000011010100000001100111110010000001010110000001110011000101101010101
01000011001110101001110110001100101
00100101110010100001100100101010
001010000011010110101101010
10010001010011100011110000110110100011101000101011100111010000010101
101010
0100100000011110111110011101001010011000110110000011011001111110010110101010
011011111110001000011111001111010101110001111110010100100101010
101110000101
0100000110010110101100000001101000010101
11101111000001101011001010011110010000010101100111101010
010100111110011101
010100101001001111000111101110111011010101110100101101111011110001101111101
011110010101010110010111101010
1001011111101000000111010101001010010101011100000100111100101111101
10110000000001100110101
010000111011111011100111101110100000110101101110101001110101110101110001101010
10101
10111101110110001011010101001001010100001101011000000111101001101
101000000011111011101010
101011111101000100111100101000011011111011010011110111101010101
000000111001001110011011000011010111000100110100000101111101101010
00111101000101
0111000110011101011101011110101
101101001000111101101010
1000011001001100110001101110001100110000011100110011101010
000011110001001000110110111000000100111001110111001000100110101
100001101101101001010111100000100001100001101010
0101010
001100100110100101111011011010101000101
111101100101100001100101
110101010100001011101101100000100000100011000101110011100101011000000100110101
1100010111010101110110101
1110111001011000101
010101001101010111110111000001000000100001001111001101001011010111000100101
1011001010001100000010010010101
11011001100010000000010010101
000010111100111011001101001110001101000011101110010111010011000010101
01000010100111001101100011101010
0001000101
00010001100000111100100010010100100011110110110010101
101111000000100100010101110100100100100101010000101110000101010101010
11010110101111001011011100000101100011010101101110100101000101010
11010001101111010101111011000011101010
111001100110000100011001111001011001001101
001101001100001010101
000010001000110000000101110101101111001001011111101
0011100010100101000010110101000000101000010100101101011010101100101011101
1000111010011111001000001110101
011011011011010001010010010011101010
101010
11110100101010101010010000100100101101010
0110110001011011010100010101110110001100101000001001000010011000101111001101
1010100110010000111100011111101011010011110101
01110111110011101
11011101110010011011101010000101010001110010001101010
10101011100100110000010011010101010011001010001011101101000010010011101
110100101111000111001001001110110111101011101000000111001101010
11010111001010100001100100010010100000010001100011000101010
1100010000011101101110011110000001110110101111101001000101010
10010010101
1111000100101000010010001011011000011010110101111010111001000001000101
010111010001100011111110100001000011000010100110011111100111100101101
111000110011111000010100101100010001010110010011000101010
111100000001101001110010111110101000010000100110101111001001100111000101
101010110011000010111001000110101110101010101010
100011110010010001000100011100100000000011111110010110110100101
11000010100010010011110101
0111110011100100100100010011110100110101010
010000111000011101010110010010101010011010100111011010000101
101011001100010010011100011110001101101111011001101010
01000000111100110111111011010001011100000011100100011001000110101
01001011010111000110001011000001100111101010000111101010
111000001100111100111111101
010111001100100010011001101011110101000010110010100100100110011101011101010
01000100110011101001111101010
011110101110101011101
0101010
0101001111010011110101111011001110111101101000111010010000000101
0100101100111011010000001111000000011110010010010101001100011001111011101010
1000010111111011111001000000101101
110011011010010101010
01010101100011111111011010110111111101111001110011001101000101100000000110101010
01000110001101110001111101011011111011111000101
0001100101000101100001111100000011000100100101
10111100101100100000000010011110101
1111100101011101100111000010101110100111101001010001101111101111101110010101
1100111100101001110010111000010000111000100100100000001110101111011011110101010
00101101011101101100001001111010010111011100111111111010000100000010101010
0010011001000000111111001111100000000110000100011001001001000010000101010
1011001001001000010101011001101
1001000110101000111110111001101010
10111011101011111000010011111001011001101101110111011110100110101010
0001100001011011111001111101010
001111101010
0111011110101000110101000101
000101001101101010011110101100001110101111011100010000010101010
11

