


















































1011000001101111111110000110110101000000101110011011000
1001101010000100010001110111011100100110011110111001100
10000001010011101101010110001111010101010001101010001111
10000001001101010011101111000010100001111110011101010110
111101001011111001010011111110111010000111010010010101
101101011101010001011101010100101011011010001100110100
1111101110001001001000100001010001010000011100100100111
100001111111110011110111011001100111101000010000011111
1110100101011011111011110110001111100110111110001110101
1100100101110110010011110101011100011101101010000000110
1111100110101101111110111000110100011110000000111010110
1001101100100110000100110111101101000001100101100100000
1100000000111100111001001101001111100110010100111101001
10000100000100010110101001110000101001111101001011101
1011001101010011010100100010101111000011000011111101010
1101110010101101110000011000110010101010000000101100010
1101001000000011101100000101000100011011000000000110011
1010000100000011010011100101000001010110111111101101111
1100011110010111000100000011010001000101010001011011001
1001000110101011000111110011110110101011000001100111
1111111001111000110001011010010111000100101000111001000
110000011101110010100110100010100011001001110100101000
1110101000001110000111011101011010011001111000100110100
10001110100000000001011011011011010100001000011101111
10000000010111010010100110110000000101011110111110000001
10010001011000010110010001001011111111111110001111000
1011100111111011010011110001100101101111000110000011011
1010100000111110110000010010000101011001010011001110010
100101011111110100010011011001101011001000010000111011
11010110110100101001001100000101011001111001001111110
101100101000000001011110110110111110000010001000101001
10111010100010001010000000010011010011000111000001001
1101011001100110000001101110100010111001110110011001010
110101010101100110111011000101011100001111111110011010
1010110111010010010000010000010011000011100100101011101
10010101011010011001110110000011010110111100101101010
110110000011001011010111010011110010011101110011010000
101100011011011110101001000100010001110011100010101111
100011000110011101111111001101010110010011010001001001
1110011100000001110011100000001110011100000001110011001
10100101101000110001011000000110101011110001111110111
1010011101000110111100000101100010100001001101000100110
1101100111000110010011110011001010000001101110001111001
10010101100110101100010011001111001000110011011111001
1011101011100010101111010111001110001111011000100000
1100110110000000100101001101110001001100100010010111100
110111011101010010101101010100110101011010001110001
1110001000010100001100101011111111110010110011111011110
110100100110110000100011110100100010001011000111000011
100010011101110000110110100010010101001001110010101
1100000111011110101100101101100000000101011011100111100
1110111001111110110010101000111011111101100100001010010
1000000001110001101001001011101001010011101100100001011
1011010000101010010111100001011101001011100010101011011
1000010001010101000000000111100011011010000010000010111
100001111001011010010000001100110100010101000011101011
1010001001100101100111101110011111101001110101111111111
110001101010100101111100111100001010110000001110
110010100000010110101100100111101100110111111001111111
1000001100011101101100100100001110010101101011100001000
100100011011111110011010010001111110100011001001000110
00101001001001000101001001001000101001010010001001010010010100010101
01001010010010010100101001010010010010100101010010010100100101
010100100101001001001001001001010
00101001001
00101001010
001001010010101001001001001010100101001001010101010
01001010100010101010001010100101010100101010010001
010101001010010101
01000101000101000101001
0100100010101001001010101001010010010100101010010001
00100100101010010101000101001010
001010010010010010001010100100101000101001010
00100101001010010010010101010010
0100100100100100101001010010010010010100101010100100101001001001
01001010010100010010101000101010010100100100100100100100100101010
010010101001001000101001000100101001001010010100100100101001010010
00100101010100100101001000100101
0100100010101010101
00101001010001010010100101001010001010010101010001001001010001010

0010100101010010010010100101001010101001000100101010
0101001010

00101000101001001001010100010010100100100101

010100101001001010101000101001001010010010101001000100100101001
01010100100101000101000101001010010100100101001001001
01001000101000101001010010100010010101001010

01001001010100010100100101001001

010101001
0101001001
00100100101
0100101010100101000100101001001
0101010010010100100101010010101000101001

0101010100101010010
0100101001
00101001001
01001001001
0101000101
010010100010010010100100010101001
01001001001
01001001001010100101010010010010
010010100010010100100010100101001001010010010101010001
0100101001000101000101001001010010100100100101010101010100101
010010010100101000101001000101001001010001010010101001
001001001010101010101001001010
01001010010001010001010
010010101000100101001010010100100100101001
0010010100101000101001010010010100101001010001001001010
00101010010
0100100101000101010001
0010010010010010010101000100101001001000100101001010010001

01010010010100101001
01001010010101001010
00100100100100100101010010001001001001010010010010001001010
01010100010010100101001010100101010001010
01010010001010100101010010001010
01001010001001010101
001010100010010010101010010001010101010001010001001010010100101
0100010100100101001010010100101001001001000101010001001
01010100010100100100100100100100100100101001
001010001001001010010010010101010100100010101001000100101000101010
010010001010001001010010010010010101001001010
001010001010010010010100010100101001010101

010010010101010100101010010010

0100100100100101000101010001010001
01001001010
0101001010
010001010101001000101000100101010
010100101
0101001010010101010010010010010
0100100100010010100010100101010100100100101
00101010100100101010001010001010010101001
0100101001
0100101001010010100100100101000100101000101001010101
01010010100101010001
010001010100100101001
010010101
00100101010010101001010010010010001001001010010100101
010001001001
010101010010010010100010100101001010001001001001010001

0010100100100101001001
0010100100101010010101000101001
010101010
001010010100100100101010001001010101000101010100101001010101
001010101001001010010010010010101001000101
0100010101010100100101000100101010010010100100101010


0010100010101001001001
00101001001010100010100010101001010101010010100101
001010001010010100010100100100100101001001001

0100010101001010100101010010101000101001000101010001
0100100010101010001010001010010100100100101
0010101001010010100101001001001
0101001010101001001010100100101010100100100101001001010101
001010010010101010100100101001001000100101
010100100100100100010101010010100100100101010001010001010010001001
010001001010100100100100101010101000100100101001001001001010001010

001001001010010100010010101010010
0101000101010010010010010101001010010100010100100101001001010010
0100101000101001001001010010001010001001010010100010010101001010010


001001010010100100100100100100010100010010101
00101001010010010100100101010010

010101001000101010010010101001001010010001
01001010001
0101001010010010010010010010100100101010010001010010001
010010010001001010001001001010010001010100010101001001010001010001001

0010010101000100101000100101000101001001010010
010101001
01010100101000101010001001001001001001001001
010100101001001001010100101001
010001010010010010010010010010100101010010010010101000100100101001
0010100100101001010010
01001000100101001001010
01010001010010010100100100101010010010010010100101000101010001001
01010010010010100010010101001010
001001010010010010010010010101000101001001010001010101
0101000101001001010101010010100101000101001001010001010010010010
01001001010010010101
01001001001000101001001010010010010010010101

00100101001
0101010100100101001

01000101001001010010100010100100010100101001
001010100100100010100010101001010010010100010010010010100010100101
00101001001
010101010010100010101001010100101001001010001010010
0100100100101010010100101001010
0100010100101001010010100100101
0100100100100100101010010100100010101010010
010010100100101001001001010010010010010010010010101001
0101001010
01001001010100100100100100101001001001001001
00101001001001001001001001010010101001001010100010101001001001001

010010010101000100101001001001001001001010001
01001001010001001010010





0100101001
0100100100100101010001
0010100101001010100100101010010100100101000100100101
0100101001001001010010100101010
001010101001010100010010100101
01001001010101001001010001001010010010010001
001010001001001001010100101000101000101001001001001001001
001001010001
0010010101001001010001010010001001

0010010100100010101001010100101001010010010100101001
010010010001
010010100100101010010100100101010001010001
001001010001010010010101000101010101010100100100100100101000101
010100101001010100100100100101010001010001
00101000101001001001010
010100101
0010100100100101010010100100100010010100101001010101001000100101
01010001010100100100100100101001









0110100000000010001110000111111001000101
0110101111011010010010010100101000101010100111010111100111110010101
0100111001001001011101100011100010110101101100010001010101
111111101110000111101110000101010
1111100011011001101110011100101000000101100101
111001010111011010010101001111111110011001111010101
1100101101101010100000110011001100111010110011100111101011110101
00000011110000111110001100010111000110010000101
001110111000001010011101111101010100111011101011010010111101010
011011011101101100010100101010
1000101000010001000000000110101011001010111010101011010101
00010101001011101
0100001111000010100100001000100111011111101001001101011000010010011010101101010
0010100000011000011001011011111101
001111001110011100100010100001111100100110000011100110101
110010001000100101010
1101110010001101111100111001011101000101010
010000110101101010
10111101011101101
11000001011001101111010110111001101110100100011111011011101001101101
11101011011100100001000011100101
11010100000111111011010001001000010011111001010011001101
0111111101111010001000001010000010100000100100111001111110000101101
10001011000000011000000101
001010101110101
10011111011101111010001111111110000110111110111101010
1011111101
1010101110011100011111000101
00000101111100101
01100111011001011011111110001001101000100101
1011111011110010111001101010001100100101100011010110111010111010101010
1100001011110011110010010110100100111000011001111101
000101100100101111011001111100110010000001010001110011110010000101010
001010011111011101000101110101110011100010001001001000101101000111010101
111110001000101110001000000100110111101010
1101100000111011001010111001100101000011111111100101100101
1010111110011010011010000011100101001011000100011110100111101
0111001111010101100110101100011111101010
101001101000100000101
0110101010011100000100101010010110100111010100100101
001001001110111111001111011001010101101010
0000011110101011101011011111010000011001001001100010101010
01000110001111100111010101000000110001100101
11101110000101
100100101000101110100110011111110010100011000011000101000000100101010101
101011000100110111110110010011010110100011010100101010
11000101010010101
10100101
10011010110010100100101010
01000100000100011111101011111111000100111111010101
10001011111110101010
110000001110000110001000110111000111100010000101
111110110100111000001110101001110000111010001011101110000101
000000101111101101010101000110101
10000100001101101101010000011100101010
0111010000011010100000001100111110010000001010110000001110011000101101010101
001010000011010110101101010
10010001010011100011110000110110100011101000101011100111010000010101
011011111110001000011111001111010101110001111110010100100101010
101000000011111011101010
001100100110100101111011011010101000101
1011001010001100000010010010101
000010001000110000000101110101101111001001011111101
0011100010100101000010110101000000101000010100101101011010101100101011101
1000111010011111001000001110101
01110111110011101
1111000100101000010010001011011000011010110101111010111001000001000101
010111010001100011111110100001000011000010100110011111100111100101101
101010110011000010111001000110101110101010101010
100011110010010001000100011100100000000011111110010110110100101
11000010100010010011110101
010000111000011101010110010010101010011010100111011010000101
0100101100111011010000001111000000011110010010010101001100011001111011101010
01000110001101110001111101011011111011111000101
10111100101100100000000010011110101
22
1202200100012010021011112220102220
2101020011122102022221220211222212
20221210011221110112110202012220202
20221222112110100111011111101020112
10001121211120122002022121201212220
1112100020201021121022121121122212
11100000101022202210121012002021
10010212000010020002112112022212111
110222111012022221021221001202220
20112221211110200220100012120200202
1220202112012011202022202021020212
21112000000122221021100112201011200
22001121222211021221112001112222011
12110111201121122101200101120021220
22012100012201202200202120221010012
22021121212010202000221011012001121
22010202000122120111110200222112222
11002212002102011201100010110101111
1021112001102112202021202011211021
21001212102101112110210020221121222
11200002022002202000221211121122011
10221122202200210202220122221011220
12022212100112122120010102112002010
2010120000222201220001002202000200
12210200001011201220211110221000102
12010221211120022022100110100111212
21102010111200211212110200210202211
11112021212101200210021211020120021
12211221120001011220210101201100221
21220112001220001021220000212011212
1100210010212212201100102221021122
10211012120011011002200111012210121
202112102200200110210011122110012
21001002202021011211111002122021
1101122221201112210220212101222121
11111212001110122010200120220221210
11102000211101101021101102212000011
20110210200202010121011211011010212
20220201012120110021120112102101022
21122001201011100211120011221102022
1020102201002102220122121201022020
22020111000221020212100101001120121
10211000221120110022110120101110022
1010011010010111000122100211021020
11110220202202120201011111210022011
12021021201102002201221102002000020
10022101112222222121101211111202211
20112101200211210000002202021012111
12111112102002211002222220112100211
21211020001111222100222112221020120
1121120222012111222122101201010111
20111221010222112012000200121121200
20010002210111202112220010222101211
2110222011221002200211120221000111
22000001220122101111102220121101000
12100011211202211222002102211210112
21101001112022211121120111000020200
21021110012201010002001221121002120
11102020112212100210211002200022112
1220211201222202020202020021011212
1121120001021210000210121112122212
21112110120112012002102121100202111
20112210012220000010010021202100110
2010020011210102220100011202022112
22011002102210111212021111110202011
12201010012102101201021121011211010
1201110111011121101112020121112122
12202021120120112020222020210202201
21120211111011202101011221222112011
11211000210102211200201220022120121
20022022121201202102021011122012012
20000111211212010121010112020020121
12201220001112022010221201022121220
10210022202022111000010001202002122
2210212111010101010222022121222120
2201220010222001102101210212021021
2021212212101111212110202002121111
11010100000020112010011002202221220
10210211102002000120101212101122020
20112101212211022210110201002200210
10021210111110022202022121000210221
121001201122101212121102210111021
2100112112100002101201021201010020
21202120101120101211202000022202021
1212211121110012220112120210120211
1101020200202010112102111120212011
2120120200112101000201002011122
21221020021011000121020112111112112
2211212102200100200211000021002022
11200121200210110202201110121011020
11020210101202201120202020022211111
2022110201221121221012000202002020
12201022201220211110100022011122001
21122021222120222202002201021012120
1102002120200001200011010220002122
1100121220021021111212102202220221
21012121012020122121010122211020220
10220221221101221001022001221210211
12112222201112111200112200222112210
11121120022211010100002102200000002
100012020110211110222212112012022
2000010012102011210112211200121211
100020011101120102211122200121
10211000221120110022110120101110022
11210001012211221201122010100110110
10112122001201011012002101010122021
12212220221122112002112012211222111
12202100121101112222000202222012120
11010111001212120112021011002211011
21222212101010221202101012121120020
10201221211122220201100201010020
12112022002020011202022001211200022
2011020022022222020112211012220120
202001022212210021121020111101122
1120120211122222122102202020112121
21112221010101102220111200000100000
2022102122001100011222021202010022
110011220011020100010222120221
2000210002210022120022122111112021
12110020112021021112022002002000201
10000200112212120122210112121020021
10201110100212220221102212022021112
1201220022002200001010110221010222
11120212010120011000201221000122120
20001100112210111221111012200222111
2122210200002102020120000221011012
2021212022102212111100212121010121
20121121111102021102120202012012100
20200022122020020021202221110122220
111110202222202220211211001022
1211002112201112002111121100121
11221121200122110012100012200211120
10002002221101112021111112212221121
10110022212100112110210221101012211
20220020002202120002101121021022
21222121011210120212222220010021220
10112002111000212122221210022121220
20122000202101200201002010000021
2020020120102000220222010011002122
2222
212111020221121202202222110110201
200111122021210111221010102221012
21201222021210002210022112101012
22210121022111212121201220002000
221221221011000200020121200010022
120121121121200221021122111101212
20102201111010221100120102001012
10220020002002012212111002200002
21221200010221112112212010110211
110021122021122010000012212012002
110100102020122201200102111112220
121210220001202100010222001122002
200011112212022112112000011100220
102110210101112102110221212100020
22012221100202200221112022022121
200001101112011222120121202210010
11220221012002000212010021220201
102121112022010110012022222121001
102112002220012001201202220222110
11011222222220120000210022121011
200001100220100212220111112121021
12211220210111011122122110010022
110221021210202210101201011000100
211100001011012220210011102210222
11221101122110000021111212122022
12210212010211121210010220112211
211022112110012202000112101201200
211102221122100101100020022101012
222021202201111120021102102121212
2021011022210021002001110000101
2020200020121011222112122002221
1120002011220110002010221121110
200101001201221011220120220222112
20102202201210010200210212101220
111001122202021020101011121022011
100201221021012111111001111002221
101021121102202102022010012212121
101101202202212222020111121110101
212200101212010211102122120010100
210100000201210001221010010011211
121011011200011100202010002020002
112112011011111121021220212222021
221212220022222222012002111200202
201102210212202110002121102121210
111001202020112122001122112000120
221001021021001220211202201112000
221000012121102100222021011220100
102212200101212010020102000111101
1000100121222102022211001002012120
1120100122201122010120200210212
120000211112212021020211202201000
122010222111020022120002100012101
210211212110212102120212121012201
20211022101211100101110120202220
121010220012100011200200022222111
11112112020221102012011221201012
22222002011022001210221100022000
121111200022101010020101111011021
1000012110212002112000111211120212
111202111001010221222202120122100
202100110010220002211100011001020
121022102220120122220020110210020
110202200211220002211220112220002
11120200101212100202011102001021
201121200022110022200211210000211
11200220121110012200220111011121
1000110011111110012122012021202121
1221212200221202011010011221211
121022101122221110120000000102112
20211221211202010011210222222111
1000120012201111021012222112101221
2120102022210200022212110211220
221001111111020220112222000100201
201012111211022102212221212200021
111121002001211001210220211000002
202222120100012111210002011121100
221220122021012010122220211122221
222201000200220211202210020202000
110101112010221110220011111112021
122100001112022002012101202022110
1012100022111200212200020210101
112121220220201110211021101101
21002021112000020001120210011001
212122101110010110220101110220120
100122122121011201001012210121122
1210200022222202000100110222102
21020102122100000212010000202202
210011220212002110110211022220211
112221020210012012002110002210021
2121000112002020202222102200210
10211221211001202221220111101120
11100000101022202210121012002120
211001021212012200021222110002221
22222210110200010121122110002100
2112110210020121210222002012212
122210202202021120222022000012010
102121010201012202210022002110012
110201221220200221101002012212201
212210121102220120201021102001211
202200010100122022011022022100
100112110122020001102201011212000
211202101000002111021212221111212
10200210200201222011101020202212
111112001212121110102111212202101
211021111102101021211011002100001
1010012101101111110112221102101
202121112222222120112011201120212
101110111111021101120110210110111
111102102212022011220212202110221
20200110101010211022111022120122
12112011002110120122012101012111
101021010100120100012121101222011
220212200221000022222002100112102
11112102010211220211120210202202
110012111222100000021012202210
202022222200112010101221120022122
211110222200011211112121121202211
211120012110202022222002121121
200111102001121112012221011001022
12221012110111222002111010121121
111010100020000110100220022220101
121210222120000201211102222101200
200102200100020002212221222001012
112212012222011111000220221100201
100122002000201020021020001221121
212000110212011221222201112000022
202211012121111210221110212022210
22100111220122000222001211020002
220001202112122020202100102222011
110000212202211010101011201110210
200202110200001210120112021012001
110212012202002212222221112020002
1000020122121211120020121112010222
1102210002212022010001011220101
200222211120222002210112111201022
102212101221000221011222021020210
111122100022211111201111102021121
211201122200201102111011211201112
201000001012022222211121120102100
10022211121011020020201021010002
111201001102101211101100101002212
101010112011212220111221122211122
10021212102210002001200122021000
120122021001121201001222220122122
