110101100100011101001110010110010101110100110101110010
1000101001110111110111011010001111110100100111111111000
1111101110001001001000100001010001010000011100100100111
100011001101000111111111000001000011111110010001101011
1011100011100010101110010111001110000111011000011110100
1110000010111010000100110101111110101011110111100000001
1001101100100110000100110111101101000001100101100100000
10000100000100010110101001110000101001111101001011101
1101110010101101110000011000110010101010000000101100010
111001111101000010101000101101111101100010011010101010
1100011110010111000100000011010001000101010001011011001
110000100110001111010010100110101001011011011111000111
1000111011001001110100011100110011111011101010100101
101100011011001110010000011101010111011011101111000001
100001010111000110101110101110100110011110110010001110
111100011111110111001011011010000010001000010011110011
110000011101110010100110100010100011001001110100101000
10001110100000000001011011011011010100001000011101111
10000000010111010010100110110000000101011110111110000001
110100111000101011011110011000011000001101101010111110
1001011111110010110110011110000110011011001011111011011
1010100000111110110000010010000101011001010011001110010
1000000111010011111101010101000111100110100010110011011
101100101000000001011110110110111110000010001000101001
101101101001110100010011000111010111101000110010101110
1101010001110010010011001011101110100011101101001010110
1010110111010010010000010000010011000011100100101011101
1110011100000001110011100000001110011100000001110011001
1010011101000110111100000101100010100001001101000100110
1011001010001010100111000110000011111111011010011110001
100011111100001110101110111000111000011010111100110000
1100110110000000100101001101110001001100100010010111100
110100100110110000100011110100100010001011000111000011
100010011101110000110110100010010101001001110010101
1000000001110001101001001011101001010011101100100001011
1110001110011101011011010001111000101110001101000001110
11010001001000000101101010010010101000001010101001000
100001111001011010010000001100110100010101000011101011
1111101111111011110100110001101001110111000110100100011
110001101010100101111100111100001010110000001110
1000001100011101101100100100001110010101101011100001000
10000010100110001001001010000001000001000011110101101
13030132214011421131244
433403114440131101100104
20421040312332401311142
102342003310211444041103
24322410212440003410401
42002132114232141133040
201114131233022110424024
110221433432301001430114
13310340342130004341202
32330310241101313012424
12132432111103003444211
40001433133041132223301
420133041400420130201144
443211121424200102210304
412221004130222410041413
1001111233230221124320441
31310140232120044112324
402310440140310232041203
231404202011210441141303
41111423002102214412431
1001233210133404210330241
432041042110102211042333
44021021234131223402021
340331310304301411220131
213033104413441114111100
434040243043403444243410
243421431433212244441312
402124033303224443444233
212130424332134444341342
111241332220040110223333
4133242242302021114210
401132310133041121042331
332312211033211014220340
142004230324012430303012
314022223041210134202140
212424101422314001304111
320040130333220302033430
140301432211303313204111
141301421041303012333040
342111004320024423400301
13232442001221334101221
422114102201013340043024
13231222232140003241123
222113120441313133030202
203433410210021301124034
302221234332421230201011
10441111420130314141142
141411200304122240241410
223421433112031201310401
130141321201102323302234
131402330023122312123212
3224121220221410433023
33340002323301104122142
224314133214440113442434
410132210103033413203142
302421331403210042102123
420112410221433110430023
434222144430434232340330
143042314300010112410423
233223220332013322111003
241000141010314432401242
102314331141000433403003
121330314103414310200322
121111310123230304333132
140222314101313312104032
130030100443004104431440
420413300024033213411102
4231322312142211130312
10231034420444300202410
323344413211321434330244
200101002214314332440403
12201344021003142410234
243423422423441240403241
11413423130414003132021
220320010021134431434004
244431124020412041101030
402014304040410221040413
23013321321024330023321
242122323020144323141413
221114130104203204104440
203121321204442110300242
231404202011210441141303
442303441342343432441101
20434231001040430120334
11110321111342244132132
44424144313322113324441
323430301040343321240432
41004134230011432421040
131413302444404234414044
30301441142310023211323
432012421443001430201021
23310224142122001130442
2214202411330004221424
244102114101211202223134
224144202302031023400113
341220300202400002130203
433200310202421133130132
132421230313022200213214
1003012404144132223010411
321132423011413031122130
111204003400234232401232
241040010320344301140322
412414331431424341132432
1000221300334233313202213
413002210301230214010022
22031030131343434000322
324030100324320342112121
34413333042043144244314
203302230044133123134
300101104433321131143401
234243340341000041011103
111124114014102121144322
313032440411300302212212
24200212033104312244220
41122124202142032101432
122243200340310242104031
210311411011332113422142
302223230323200221112440
143033111042310020430134
301414402032431402011220
111411041411302040214323
243024010104111222202343
23311000413314111232323
1002331224033244100020322
311024031220243422030401
312304002002214044312402
1001244133110141133121123
123440021031232431412100
131041012244240231401243
423020234234430234104004
201023042203410411324401
3344102133131001030344
143133403324121312010101
001010100100010100100101001010100101
0010100100101010101001001001000100101
001001010010100101000101
00101001001001000101001001001000101001010010001001010010010100010101
01001010010010010100101001010010010010100101010010010100100101
0010100100100101001001010
00101001001
00101001010
00101010010100101001001
0100101001001010010001001
0010100100100101001001010
010010100101001010101010100010101
0100101001001010010101000101010100101000100101001
001001010101001001001001
0100100100100100101001010010010010010100101010100100101001001001
01001010010100010010101000101010010100100100100100100100100101010
010010101001001000101001000100101001001010010100100100101001010010
01000101010001010001010010
00101001010001010010100101001010001010010101010001001001010001010
0100100101001001001001001
0100101001000101001001001001001010100101010101001
0101001010
001001001001001010001010100101010100100100100101001
00101001001010101001001001001001000101000101001010010
01000101001010010101001001010100010100100101010010
010100101001001010101000101001001010010010101001000100100101001
010101001
0101001001
0100100101010101001010
0100010010100100010101001
00100100101
00101000101000101001010010101001000100101001000100101
010100010010010101001010
0100101001
010100101010010101001
00101001001
001001001010010010010001010101000101010101001010010
0100101010010010101010
01001001001
01001010010010100101001010010100010100100101001001
0101000101
01001010100101010001010010101000100101001001010010
0100100100101001001001001
01001001001
00101001010010100010100101001001010010001001010010010
0100101001000101000101001001010010100100100101010101010100101
0100101001001010100100010100100101010010100101010
01010100010100101010100010100101001
0010010010010100100100100100100100101001
0100010010101001001001010010100100100100100101001010
00101010010
0100100101010010010010100010101001001
0010100100101001000100100101001001001001
001010010001001010010100100100101001010
0100100101010100101001010100010101001001010101
0101010010100101001010
0010101010100100101001001001010001010100010100101
01001000100100101001010010100010101001000101000101010
00100101001000100100101001010010101001
0010100010010101001001010010101010001
01010101000101010010010
0100100100100101001010100100101001001
010010100100101001010001010010001001010010100101010
001010100010010010101010010001010101010001010001001010010100101
010100100100101010001001
001010001001001010010010010101010100100010101001000100101000101010
01001001001001010100100101001001001001010100010101
010100010101010010010100101000101001
01001001010
0101001010
010100101
01001010100100101010001010101001001001001010010010
010010101010100100101
00101000101010010010101
0100101001
01010100010101001000101001001010001010
010010100010010100100101001010010101
010010101
010001001001
01001000100101000101001010
0010101010010010010100101010010100100100100101001
010101010
001010010100100100101010001001010101000101010100101001010101
01001010010001010010010100101001001001
0100101001010010010010100100010100101001010001001001
001010100010100010010010100010010100100100100101001001
0100100010010100101001001001010010010100100100101001
00101010001001010101001010010101010
010010010100100101010001001001010010010101001001001
0101001010101001001010100100101010100100100101001001010101
0101001001001001010010100100100100101
0100101010010010010101001000100101010010001001001001
0010010010010101000100101010010100101
0100101001010001010101010001010101
010100100100100100010101010010100100100101010001010001010010001001
010001010001010010101001
010001001010100100100100101010101000100100101001001001001010001010
01000100101000101010101001001000100101
001001010010001001010101000100100101010
0101000101010010010010010101001010010100010100100101001001010010
010010100100101010010010100100010100101000100101001
0100101000101001001001010010001010001001010010100010010101001010010
010010010010010100101001010010010010101010001010001
010101001010010001010001
01001010001
01001010010010101010001010001010001001
0010010100100010010100101
010010010001001010001001001010010001010100010101001001010001010001001
0100010100100101010001010
0100010101001010010010001
010101001
0100010101001001010101010010010101010010100101
01001001010100101001001
0010010100010100101001001
010001010010010010010010010010100101010010010010101000100100101001
01010001010010010100100100101010010010010010100101000101010001001
010001010100010100010100101010010100101001001001010
001010010100010101001010010101001001
001001001010010010001010101000100101001001010101001
0100100100101000101001001
01010010100010010010010100100101010010
0100100010100100100101001001001010010010010101010010
0101000101001001010101010010100101000101001001010001010010010010
00100101001
01010010101001001001001010001001001001
0101010010100100101010001001001010100010100101010
001010100100100010100010101001010010010100010010010010100010100101
01001010010100101001010
00101001001
0010100100010101001010100100101001010
0101001010
00101001001001001001001001010010101001001010100010101001001001001
00100100101010010001010010
0100101001
0010101001001001010010001
01001010100010010010010101001000101001001010010001001
010101000101010100010010100010010101
001001010001
0100101001010100100101001001001000101001000101001001
0010010100010100101000101
010001001001010010100100010100101001001
010010010001
001001010001010010010101000101010101010100100100100100101000101
001010001001010010101010101000101001
010100101
0010100100100101010010100100100010010100101001010101001000100101
0010100100101001001010100101010101
01001010100100100010100100100101001001
001001010001001010010100101000101001001000101001010001
0010101010010010001010010
31
0111110001100010110011111001100101011010110110010100001010101101
1011000100101010010110001010001110001000111010110111010111001010100101
10101010101101010
01001001101100100101111101001010110001000001011010111000010101
10001101101001001010100011101
1111100011011001101110011100101000000101100101
1000101000010001000000000110101011001010111010101011010101
10110011110111011010100101000000100101001011100100100110101
110000001001101010101001001110010101101111110111110101110011000000000011101010
1101110010001101111100111001011101000101010
01000010100111010101
1110001011010000101
0111100100110101
10110010010111100101011011011101
1101101110101110011100110101010100100101111011011101000101
10111111100000100010100101100111100100100011111100111100110000101
01100111011001011011111110001001101000100101
011001101000111101111001001100101010
011010111011101001101010
0110001000110001010011010001011001010100101000100000100111111000100101
0111001111010101100110101100011111101010
01111100101110110000100011101011001110000001100000101011000010111010101
0110101010011100000100101010010110100111010100100101
001001001110111111001111011001010101101010
100101111101010
111011101000101101101010
011101100110011100111101010101101001011110001111001010101010
1000000101001010111010110100101100100110101101001001010001111011101010
1010000000100110011111110101
111011000001101010
110111001100110000011110110011111110010011100101010
10100101
1011101101101001110101
1000010101010111000101010010101010001111111000000101011001101
111000100110110011011111000000010101010
101010001110101010111101
0100100000011110111110011101001010011000110110000011011001111110010110101010
11101111000001101011001010011110010000010101100111101010
10110000000001100110101
0111000110011101011101011110101
000011110001001000110110111000000100111001110111001000100110101
110101010100001011101101100000100000100011000101110011100101011000000100110101
101111000000100100010101110100100100100101010000101110000101010101010
11010110101111001011011100000101100011010101101110100101000101010
001101001100001010101
000010001000110000000101110101101111001001011111101
11110100101010101010010000100100101101010
110100101111000111001001001110110111101011101000000111001101010
101010110011000010111001000110101110101010101010
101011001100010010011100011110001101101111011001101010
011110101110101011101
1100111100101001110010111000010000111000100100100000001110101111011011110101010
00101101011101101100001001111010010111011100111111111010000100000010101010
1011001001001000010101011001101
22
10012110012012102021211102021102120
22001102021100022102002101201122210
2101020011122102022221220211222212
21102202200010210110202200021200122
22001121222211021221112001112222011
20001000212120202202011020112202210
22002001222201220101111020201001210
11210010121122002000102120011212220
10021111202011022111211102001001212
20211001020002210121202101111210112
11210122122100201011110021111102020
10221122202200210202220122221011220
10112211121012120221011002010110012
1000211112210202201122000101212012
2120001211210021200001022200121212
1101122221201112210220212101222121
112110011121010002120122011221121
1002120020120100221221002011210122
20002122001122221221110010111012
1010011010010111000122100211021020
10102111100101200220211012201222020
2011102122211212012020120101020100
10211212211111101110012012200200111
10022101112222222121101211111202211
1120010021210201211100200120221221
20022001102101101112212212010221000
22000201122000222110211202120210000
2000102010200201211101222111212012
12101110100122021222001100122010202
11112201111100012122112002201200011
12121111111211120121001011002200102
202012000112202002222101011021022
11202110112021101110021210112111011
1102022022011001012120210201101212
11120111011110120021211021000222111
21001020222212210000222002210200100
11002000221102102202002022111010122
21122021222120222202002201021012120
12112222201112111200112200222112210
2220012210101021121110111101100221
21020110110010200022121012210110222
10100001211100012221220112222112
12210122200012122100002120021000211
21020112122221020211000200210102010
2220211202211200102101112000210110
2121200120211010020110002010122222
1120120211122222122102202020112121
22021221201100001000122002011202022
20212200220001101010222221010022010
10201001002220111122221111111011020
21100220021201020102002110211212200
2111020120021000100120212020202222
121112122110202021102102010001112
1022211200012021111110101222010120
21222001020011012210010101122022020
22000021211002220211020112021011200
20221012010101210200101111201221201
122021000201021101010212120220122
12100000210010210112222101111221021
120012002210021120101222011021121
10110201221100101221221100100211211
1200002221111010200111210122202120
21222121011210120212222220010021220
12100000210010210112222101111221021
20202011211200020120002012001222120
20122000202101200201002010000021
22021011111021001000020001100222012
10011112110110000020102012122021002
2101212201001110111222210222220200
1222001202222210220202111101120200
11221201002102120111010122112020222
20112211022210021212100000202022122
12002101202101101212021022101220222
22010001120022210100121000200011220
121202112221021121020000202212022
1202121200100012010211221102001
21112022212212020021001110200212210
220212021002110110012211000001102
2201211022010120111201020112022222
2122102112000021201021102002222221
10011222110100121200101101210100201
1121021122221212101001100012220122
1001221110002111221101000100212101
12120101020120201210120020110201000
20220220101002210102220022202012220
20001201200212122110202211112010222
1210200110201122121101012101001001
21201211110101020100220200100102020
2220022221002121001201202112202200
1200011121100001210211102011012210
1221212210110000112210122220020122
10101222111122121120011110020221022
111002210220012011221011001200002
11122001020122110201220101222120121
12002021001201110000220011202001022
11202021100202001021222000012200
2110211022021121002002111102122122
200110022210010212200022101022
2221112102011000100122011011200100
21020200220112212000111200221202221
20220001010012202201102202210000010
10021211102101001201011101012021200
20121220121200101020210211211221021
2101212201001110111222210222220200
22021011111021001000020001100222012
2122010202201021110210020010021000
1120200121102012111222002201221121
21101021001211021100122012000001120
20220111212001120022212210021001221
11101201201010021110011100012021202
10121211212021122121120101001122101
20102220010222021100010120100110200
122100222110001001001011220211002
10222000011211202010201110102101001
2220000020212211212101210101112222
10011101202210001102001001222101021
11002022022202100101211120210212221
12100121002202021020120210122220221
1202000222202121212111121121000202
10202102012112121202001210221102022
21202010120122100012010210000010202
11120202112210110221120112100201221
20002200201111220001202201222202221
12102021111122000221022011121101212
21200121102101011200220102020000101
2221212021100022100100002011101100
21210020211220011222121200122010120
11211220001022212102012110021210122
2222111210202100112100222022022001
2201101212011121102211220212201101
2011021102020020222202120012212121
12110222110110110000010102001100222
10002021201221202212002102112210022
144
13022440245223050424
31013434466506414405
4122444566041461122
26562451602130651225
26635514125002541543
4112360321030512352
23540515044412666033
26044411504366053325
15422115466052314633
22414113303236224006
2260013230535623353
24116064546554206364
30233613663611201043
3614156653356323561
24120041125426523401
25402125604250650311
30613535265242243661
30233613663611201043
10345505164421210131
12451030125214432144
34065453165465034
15006541006145135516
26325055364050464162
16411345023000552025
26234621651236463552
20025465606263252260
11264565302055131644
26233002123521532525
30301656025652313116
11035015025013153666
2531246121052002454
20210042313460600230
460052310401431262
16223054403545102525
23505336115632132021
21030032235640426141
2222614444340125314
1403102051652535560
3164565251524013222
11421331452014552465
3133215342123224030
25234010111150125334
4344656441600466204
6216033060161620556
2064231436662443436
26120621260033213130
4543656125322032515
6334506046320563143
22555446662215132355
21300466110103430414
20150312231505042062
24662266661141510046
13504355135331464300
24224306031206634024
6025345353525641145
22606066045032326065
22436030424213543056
210212101011212121100111122022000
11111110121021212022200102002112
212020000222102210201112202000211
212210101211112200200012100101222
121120002221010020211210200201221
11021120010202112112001202021212
2021011022210021002001110000101
112012222000221111001110112200022
210100000201210001221010010011211
121011011200011100202010002020002
11022111200022121000222010222002
221212220022222222012002111200202
221100221110211010011201212201102
11120122011020011101220221122101
1000211120102120211022010121222010
201111000220010200122221120112121
220220012122000111201201101121201
211220100202200121101120120211102
110101122021000222020202122110201
202100110010220002211100011001020
210020022212000111102010022022122
220102012022101201020021011022121
220221100202221110021200212111
1000110000202112121121110220122022
10222210012221012100202112100210
110102221010212111211110110221002
221220122021012010122220211122221
21002021112000020001120210011001
122002100021010021220121001221212
20022110000220220001120212111222
110021220202110022001122121102200
121201021001110001122022221100122
2012100201221112201201120102112
202121112222222120112011201120212
200001111122021110221012220201120
202202002022012201012110210010122
110000022012100122121011222210202
121112201222000200002220000202221
110012121110121101221200200202112
222111221001000222110100121111021
120120200002010212202202002202211
21002112222211102010000112101122
111010100020000110100220022220101
101102102012210202000212000122222
200112202210220100210222200002102
21010221222202110001022111210110
144
32451020230102120222
15032300535541501344
4142031204253452340
104502541002231533224
1124003514354550240
135424001211441033514
101221501333140220332
51324350520244031032
42302001145034214030
141144102522121144400
11024234515001453314
150533151355423405540
45205413251220204232
111154021500242144150
543405122514114340
142105045024222100324
142403015151130201500
151310414522333132230
45032335043050050110
114532155044110511050
150134315441040054022
24335215515324031032
135014201232240403444
123015514105052140234
4300333514504452012
32454424103204321000
42111122022132311014
30511554103123242322
25533211042250541504
114035541521154302124
130110401501033433114
132305032130102521032
5444044310410331332
33332553021553254032
1214224535213144
133045415440323001100
42344414332350152522
12142533041523143032
150044054420221514352
11035202535414411430
110025043002255423320
103235533210324432350
131052552355012334310
23252410515301402054
122454051211130423224
20553522144144550354
122544024542153115454
14122242454253503532
134201241105325420040
10455251433325422530
31020020042313210442
50252222251242433210
1540524041305534044
113331043333433242440
41315410251055312434
50054222541030212420
43503400145103325240
122220354500512541320
20011044000414202202
152113342004014531522
20521345331454043014
40502450124144325030
100523243520440232200
110053124252052243322
124113251125531323324
131520153252544353230
145342320420211212442
24353020434055415522
43233224022200201110
110524133023130503020
10132021352045244352
115241340521223413334
120241332333534103420
100311200002100335520
130440504440232442030
150102143024345150242
153340102110130145400
124253202232020312224
140133143044553540202
25440113123513531500
51213204353343345134
14434301225325240554
22155033454422215004
103145555435302140120
10523333123122242532
151311102212125015230
54015431414254241554
