001010010010010010001010100100101000101001010
00101000101001001001010100010010100100100101
01001000101000101001010010100010010101001010
0101010010010100100101010010101000101001
010010101000100101001010010100100100101001
01010100010010100101001010100101010001010
01010100010100100100100100100100100100101001
010010001010001001010010010010010101001001010
001010001010010010010100010100101001010101
0100100100010010100010100101010100100100101
00101010100100101010001010001010010101001
001010101001001010010010010010101001000101
001010001010010100010100100100100101001001001
0100100010101010001010001010010100100100101
001010010010101010100100101001001000100101
001001010010100100100100100100010100010010101
010101001000101010010010101001001010010001
0010010101000100101000100101000101001001010010
01010100101000101010001001001001001001001001
01001001001000101001001010010010010010010101
01000101001001010010100010100100010100101001
0100100100100100101010010100100010101010010
01001001010100100100100100101001001001001001
010010010101000100101001001001001001001010001
01001001010101001001010001001010010010010001
010010100100101010010100100101010001010001
010100101001010100100100100101010001010001
0110100000000010001110000111111001000101
011011011101101100010100101010
0010100000011000011001011011111101
11101011011100100001000011100101
1010101110011100011111000101
000000101111101101010101000110101
10000100001101101101010000011100101010
1000111010011111001000001110101
10111100101100100000000010011110101
12212220221122112002112012211222111
