1011000001101111111110000110110101000000101110011011000
1001101010000100010001110111011100100110011110111001100
10000001010011101101010110001111010101010001101010001111
10000001001101010011101111000010100001111110011101010110
101101011101010001011101010100101011011010001100110100
1100100101110110010011110101011100011101101010000000110
1100000000111100111001001101001111100110010100111101001
1011001101010011010100100010101111000011000011111101010
1010000100000011010011100101000001010110111111101101111
1001000110101011000111110011110110101011000001100111
1111111001111000110001011010010111000100101000111001000
1110101000001110000111011101011010011001111000100110100
10010001011000010110010001001011111111111110001111000
100101011111110100010011011001101011001000010000111011
11010110110100101001001100000101011001111001001111110
1101011001100110000001101110100010111001110110011001010
10010101011010011001110110000011010110111100101101010
110110000011001011010111010011110010011101110011010000
101100011011011110101001000100010001110011100010101111
100011000110011101111111001101010110010011010001001001
10100101101000110001011000000110101011110001111110111
1101100111000110010011110011001010000001101110001111001
10010101100110101100010011001111001000110011011111001
1011101011100010101111010111001110001111011000100000
110111011101010010101101010100110101011010001110001
1100000111011110101100101101100000000101011011100111100
1011010000101010010111100001011101001011100010101011011
100100011011111110011010010001111110100011001001000110
211121011023243043130240
211101101121003134011003
1000210101141304230310000
242122323020144323141413
142101312401013400110344
323430301040343321240432
423020234234430234104004
01001
0010101001010101001010010001001001001001
01010
001001010001010100100101001001001010010001
00101010010010101000101001000101010010001
01001
001010
0100100010100101001001010001001010100101
01001
01001010010100100101001001001010001001010
001010
0010100101010100010100100101001001010010
01001
010010
00101
01010
010010010101010001010010010010001010010010
010010101010001010001010010010100010101
00101
001010
010001
010001
001010
001001
010010
010001
001001001010001001010010010010001010100101
001010010010001010010010010100101001001001
00101
01010
001001
00101
010010
01010100100100101001000101001010001001010
0100010101000100101000101000100101000101010
010010
01010010010010010010101001010010101001
00101010010101000101001010001001001001010
01001010101000101001001001001001010010010
001001010010010100100100101000101000101010
0100101001010001010010100100101010101
00100101001001001001001010100010100101001
0101010010100100010100100101001010101
00101
001010
2
0100111001001001011101100011100010110101101100010001010101
000100011111110111000101101
001111001110011100100010100001111100100110000011100110101
11010100000111111011010001001000010011111001010011001101
1100001011110011110010010110100100111000011001111101
01110001010011101011110101
10111111010101111101
0000011110101011101011011111010000011001001001100010101010
10100011111001000101110010101
101011000100110111110110010011010110100011010100101010
01000100000100011111101011111111000100111111010101
0100000110010110101100000001101000010101
1100010111010101110110101
01000010100111001101100011101010
100011110010010001000100011100100000000011111110010110110100101
010000111000011101010110010010101010011010100111011010000101
01000100110011101001111101010
01000110001101110001111101011011111011111000101
0111011110101000110101000101
11100000101022202210121012002021
11002212002102011201100010110101111
2010120000222201220001002202000200
11102000211101101021101102212000011
20112210012220000010010021202100110
11010100000020112010011002202221220
2100112112100002101201021201010020
2120120200112101000201002011122
1102002120200001200011010220002122
11121120022211010100002102200000002
100020011101120102211122200121
21112221010101102220111200000100000
110011220011020100010222120221
22012201201202222210210010102020222
2011122202021221022102010212112021
11110120201120201221002121222002222
22001122112202221022121221001110011
10222212102201202212012000101120222
10011202011220222202211212110120022
10200212010100201021222122222211022
20112102001210212120211122221012012
1201120121212220211210111202221101
2120221122121221202121202011100002
21112202022211012022220210100111112
20101202022202210011112210012222211
21220211221002100021120221211212200
22020202121020201022110121012211122
11221121111122220101222020212100101
10012221110222212021101022020222200
222210022100221122012121221022100
11121222221202122012022201011010101
11122212012122122220210021010100022
2122212010221210120111200121002222
2122100212011100120221210121112222
11101220212122121121111010112002221
12000122200122201001020022221222221
11102222010002102200220111222122220
21212021021221210110101221101210221
11
20102201111010221100120102001012
10220020002002012212111002200002
110221021210202210101201011000100
1120002011220110002010221121110
102212200101212010020102000111101
121111200022101010020101111011021
11120200101212100202011102001021
111121002001211001210220211000002
1012100022111200212200020210101
21020102122100000212010000202202
11100000101022202210121012002120
202200010100122022011022022100
100112110122020001102201011212000
211021111102101021211011002100001
1010012101101111110112221102101
101110111111021101120110210110111
101021010100120100012121101222011
110012111222100000021012202210
100122002000201020021020001221121
110000212202211010101011201110210
200202110200001210120112021012001
1102210002212022010001011220101
10022211121011020020201021010002
111201001102101211101100101002212
10021212102210002001200122021000
15032300535541501344
123003331415300004512
153151124501555342554
21300231123343022432
42224210103404053040
12522345412555452532
140120025420014034440
24335215515324031032
3503120225100353222
100413320022515203430
21530403250250151002
102130013500053113534
25533211042250541504
114035541521154302124
150044054420221514352
103235533210324432350
131052552355012334310
204240041233251440
1540524041305534044
113331043333433242440
41315410251055312434
322255102052404112
20521345331454043014
153352001110130434040
124113251125531323324
124520501501005010144
115241340521223413334
12011400352124125034
123301301542204110044
140133143044553540202
101101005414402233450
110241414210431203124
22155033454422215004
103145555435302140120
23225543454444155302
