242122323020144323141413
323430301040343321240432
423020234234430234104004
0010101001010101001010010001001001001001
001001010001010100100101001001001010010001
00101010010010101000101001000101010010001
0100100010100101001001010001001010100101
01001010010100100101001001001010001001010
0010100101010100010100100101001001010010
010010010101010001010010010010001010010010
010010101010001010001010010010100010101
001001001010001001010010010010001010100101
001010010010001010010010010100101001001001
01010100100100101001000101001010001001010
0100010101000100101000101000100101000101010
01010010010010010010101001010010101001
00101010010101000101001010001001001001010
01001010101000101001001001001001010010010
001001010010010100100100101000101000101010
0100101001010001010010100100101010101
00100101001001001001001010100010100101001
0101010010100100010100100101001010101
000100011111110111000101101
01110001010011101011110101
10111111010101111101
10100011111001000101110010101
0100000110010110101100000001101000010101
1100010111010101110110101
01000010100111001101100011101010
01000100110011101001111101010
0111011110101000110101000101
3A344729543
39412A20193181
2260013230535623353
30233613663611201043
25402125604250650311
30233613663611201043
26233002123521532525
11035015025013153666
23505336115632132021
2222614444340125314
1403102051652535560
24224306031206634024
15032300535541501344
24335215515324031032
25533211042250541504
114035541521154302124
150044054420221514352
103235533210324432350
131052552355012334310
1540524041305534044
113331043333433242440
41315410251055312434
20521345331454043014
124113251125531323324
115241340521223413334
140133143044553540202
22155033454422215004
103145555435302140120
2763008A1224243
27286120803A14
107271A273200A20
664392A7993636A
10932656A9467A78
449748969381876
